Dense
4
8
8
-0,897705364644882 0,1025732788118808 -0,5437772779575556 0,729934040885294 0,1838172709715132 0,3357364078443488 -0,108314279707158 0,735485752029877 0,8212648268573374 0,4805502551038734 -0,7669545451662303 0,7867852850019048 0,3049838020200749 -0,126736129163283 -0,4249267536223261 -0,5642366357099258 -0,7117429635212938 -0,1461612449829015 -0,5222008217893496 -0,7086854185770021 1,406027067947434 -0,05827195282809125 -0,4803142555593619 -1,330601034696671 -0,5942562135618444 -0,4834198829134982 0,08682201381039011 0,01865710911455944 0,4121392608576701 0,16335509193303 -0,004710215190179687 0,21864590069312 0,4234409483810269 -0,8140779663640756 -0,660715124653209 0,7733709014165844 0,9001689238474548 0,7713060953462347 -0,1132565649477678 0,1864791508117079 
Flatten
8
4
4
LSTM
4
1
2
0,3511788896708908 0,5685615655099066 1,546254895802323 0,9127755398721317 -0,1071894623596843 -0,7608130552286196 0,0373697840334918 -2,393130402925944 1,366182922509996 -0,3191264728840675 0,331397923776441 0,5169826538605382 1,024722712723238 1,143117131559027 0,3597944747475844 -0,2313617573636439 -0,3056794094973375 -0,4503084146235251 0,7163945798502728 -0,9446844207739368 -0,2659768579467645 -0,8713587607163079 0,3871086325247013 -0,8268863580556973 -0,9858144326187355 0,8017934090893968 -0,4359268272226553 -0,4320134214409344 -0,4895501970871311 0,06909800495443108 -1,417328588113643 0,1216059725897563 -0,0959382426556712 -0,2605861906405075 0,552500944186691 -2,421728339780117 -0,1356624140393906 1,131729404446791 0,5447479754272654 -0,757919421532902 0,3904066140151159 0,2367920120991436 -0,05721625572777128 0,3580209387930006 0,6165467099515792 -0,1698603203916434 -0,8115565555288906 -0,5729264526758565 -0,04945101027361641 0,4127018026110278 -0,2547746853610001 1,645718483551291 0,2980918005995904 0,137697656680828 -0,5823277146437177 0,1696410481883425 
DenseSigmoid
4
2
2
-0,09206691812364243 -1,026963827901115 0,2810648258320014 0,05517710040124178 -0,5425236438631331 0,8224497470367426 -2,819100846114517 0,4775726293110901 0,4532476637816203 -0,005483608902799303 
Exit
LSTM
4
1
4
-0,2989230776312778 0,0535394246857513 0,004131426248891581 0,9253523143517933 -1,351882214129897 0,2605791765413515 0,6724089449875621 0,09054896734413409 -0,8792973024658235 -2,774543072641355 -2,025226370822601 -3,712895055537277 2,491050244099016 -24,73981600481152 0,1447045826788504 1,468312502393368 19,63335975538866 0,03460540403042765 0,3260033203000098 0,4172264678521486 0,344172820205904 -0,2164783837815211 -0,9910621552421869 -0,2634696520523639 1,034932786187393 0,2917668055456315 0,05531682130024685 0,3359517419052598 -0,8589178458459081 -1,235300130580512 0,7250462165739276 -7,141488864078504 -0,1043934752789883 3,132335439991022 13,52103604167118 -0,4080087033472554 0,8412232520217869 -0,6316355439527148 0,4056104070130176 -0,5023707068714277 1,162464049756098 -0,2887729203120482 0,4361508066201342 -0,9178219079958062 -0,5541341945396069 0,5616711067695854 0,5806270342390816 0,05166226539097869 -0,01338883893383149 0,8193448041588438 -0,8973899650531327 1,044835480730732 -0,2115884311672633 -0,8711175627337563 -0,2295851681651057 -0,3908132000333172 0,4579900310251874 0,2564896809622993 0,3439284655139505 -0,592812544110951 0,7873103517027945 -0,2300369439594373 -0,8244650915257825 0,5669437419412428 -0,5252809709457109 1,469165554206036 -0,4393266883987577 -0,1259991980868337 -0,5633479294173446 0,2663762383701854 -1,04857747724484 0,4637443277047069 -0,173391889433778 0,9759612446655097 -1,097027590215157 -0,5148902522655838 -1,095114640313885 -1,005622808359786 0,9164606495297938 1,993899597325145 -0,6934060391060857 -0,9269263786063815 -0,1094001241368658 -1,017248730579354 -0,8694123816501236 -0,2058679871952815 0,5879572593429363 1,068020642374879 1,920792153316476 -0,7878423429754382 -0,1793401897464324 -0,5429968169748768 0,2817127827989093 -0,4106361451663967 -0,1242142947518973 -0,5619049991074384 0,2655695243263501 0,6786990243626567 0,2529112590336742 -0,9013572095674341 0,01158290665491304 0,1105537973462783 0,3403177569503525 0,2972579861056156 -0,4986855970837581 0,6232846333505178 3,136488313142128 1,016691324410977 -0,01584479812560792 0,9545018658631462 -0,785599944261561 0,2404208861058222 -0,8410581541979322 -0,1042453172046186 0,8523102810431599 -1,095904220419246 0,7952254008765149 -0,3069757655756968 -0,5979000090294072 0,5807892767035839 -0,1953135520845468 -0,6492296939448978 0,2922260612375636 0,1935678036685059 -0,5675318050454037 -0,05810050193062424 0,1633868753820837 0,2915846555489869 0,7168596192475072 0,6679922766733315 0,2674733494246233 0,4257994319220119 0,1444401627557119 -0,0904679376076148 -0,6354539657255699 0,5177420072397835 0,08230478684126795 0,8209885501189954 -0,5162563212959786 -0,6215563188313195 0,237455212717458 0,3382177450905626 -0,2229626677655052 -0,2929839496997977 
LSTM
4
1
12
-0,4664097901437749 -0,04363797103069569 2,205307924031013 1,683750252321069 -1,90117220609577 -2,457086334198411 -0,5562012190577791 3,578902962444081 -0,6961667896329312 2,635448424419435 0,5122453168571763 0,6357170230503758 -3,36692027712985 1,303412632236703 -9,946620460230616 0,2397464663220771 -0,2100649450013351 0,771968649207147 -0,3035832633543823 -0,6054992376515127 -0,1203568492182936 1,02900780484379 0,6121370684040791 0,3555739658324983 -0,4376967734576403 -0,5719408840613613 3,725017381023138 -0,9802944339262051 0,364468775412264 -0,6250751197637291 -1,016622918705736 3,848934238706025 -0,9043626593654244 0,3430500891878036 -1,75661508178021 -0,9735828507567124 0,3504053971219691 -3,844778491275281 0,5236692644122508 1,870652837105813 0,2952648163433825 2,557637218198423 0,3823046152941371 4,23158207995754 -1,830873691546045 -27,47602134596008 -2,472161223857815 -4,448634208425152 -1,457657883580891 -5,252818672632665 0,9865473498033227 0,5347141537617315 -0,3315743250857909 1,631949855531857 0,001044362331357939 -1,32295188680336 -1,728677529218735 -0,5237834452581221 -2,958763212105559 -0,4236339492924902 1,32255787803975 -0,2399116337474068 -0,5024805642666978 -3,554076184719703 1,260242922047019 -5,845826277962746 -0,5304456661932087 0,7049756375326146 0,1083280946880435 -0,1866186191526359 0,4278329394960592 0,2428155370741259 0,1768182818479592 -0,04749384227652242 -0,9610047085942686 1,956226267009329 -0,8264856914986001 0,05516835454057233 0,7394699354184332 -0,01928095504811284 0,4744306001531394 0,07040976131259222 -0,07923661586772116 0,6399695928393121 0,108476882061842 -0,3435792849006649 0,7295723461897912 0,02557947057497257 -0,3122735914366918 0,0142516491610636 -0,3598610089682781 0,6510102714117277 3,262406123577572 0,3939789801254087 -1,395257830551226 -0,2100663003882605 -0,6235158272258009 0,2123896993287113 -0,48828895297459 0,9354169281517593 0,9315156131695088 0,1565918548813375 0,485196618294796 0,6943447848695909 -0,9661550257623794 -0,7171641764491796 0,413842721244045 0,2441731087871841 -0,5688760587734695 -0,6693977648951254 -0,6818288458846946 0,2207656644811565 -0,329838392586244 -0,3897628637770574 -0,2592341831684982 0,2948014974159656 0,6322297337289048 0,6083074569615398 0,06003135054283939 0,2373758758843451 0,6889803124700691 0,8854974301742912 -0,7122062254653703 0,154707075663095 -0,01411792179617009 -0,5084477143422004 0,2382762865672139 0,7092561724660567 -1,085117433149394 -0,1323065237010655 0,05235246745796376 -0,2639919065542617 0,09704720596525063 -0,008243789289896669 -0,3141290226298791 -0,7668355818874262 -0,2678476654299395 0,2549030320466285 -0,7598022711897837 -0,8729679622754578 0,1959608203444681 0,4050947109656945 0,2558727467520283 -0,4349367863038605 -0,3662173372360741 0,3284046153019549 -0,5479145966176948 0,5637077851827377 0,7086370808416839 -0,4507986512726007 0,8402347127040538 1,062022733326228 -0,8604303911075495 -4,494742312328848 0,8873418688733968 -0,3867678952887519 -1,829625882798444 -1,029506223321411 0,7416751176022878 -0,70267718459819 0,2886374038006424 -1,014867739631886 2,222900464698388 -1,042409677408744 -1,267762130176112 0,6344513842114393 -0,2166016306651773 1,6140019581595 -0,3145208320827019 -0,09027553580783598 0,8749667873670304 0,6929804949017201 0,07539653785258667 0,6403804586749233 0,3693545593708317 -0,2504356012723149 -0,4904659934250886 -0,8200756579029954 0,06175568761838367 0,8471439892854523 -0,1958798258106681 -0,5417742760453296 0,1736432323387229 -0,5004997666729094 0,4450003048821816 0,8958081421750042 -0,1246051972798527 -1,070923174505782 -0,09901125977707299 1,183797493546709 -0,6306893776343769 -0,02554267513099137 -0,1266921738698889 -0,9011118443491344 0,8621158160335748 -0,3498202040738034 -0,7494407688698123 -0,2138307581003653 -1,021944648034152 1,319544371774291 0,8158285054888725 0,191979278524545 0,7099376495712998 0,3546882811886089 -0,09881918994197152 0,7600270334514435 0,06350573448761032 0,7169049829513902 -0,5684509931572705 1,028567353404443 0,6635954960400656 0,3849596014405087 -0,680414052464164 -0,6617436300669466 0,4252560951875196 1,079250061338025 -0,7472396155690816 0,6953915740580014 1,261571087738883 -0,5351204543467619 -0,5519610413687107 0,8042558636562478 2,519333788727202 1,389614659118954 -0,04718135283234089 -0,2639444366185713 -0,4285978002190482 -0,03266636068034164 2,190396358988878 -3,32106719750324 1,44908170600529 -0,4209190749310633 0,8253230211715672 -0,4720073181674051 0,4878155864684188 1,123507119288347 -0,6469229549650787 0,6550100732174137 -0,6767808079651295 0,9531551953085605 0,6008762868720198 0,6686181232982967 -0,5996313816237666 -0,06555795189682594 -1,005510827987654 0,4215428885351789 -0,7567975650218804 -0,3128139672002035 -0,3737279106299611 0,9488123484594844 -0,9669687648326005 -0,5139468715056937 -0,7034240126702271 -0,4872771858675298 -0,6909248930147759 2,064737677634794 1,849738493915023 1,536375971982652 -0,195442370336876 -0,1170182059283322 0,1365885963631863 0,01094734313004221 2,384723678300218 -1,935725184709655 1,735812995406292 -0,01730775495199475 -0,6099019134571257 0,4544097568199574 -0,07810717166140277 0,6826342180840387 0,9933574439285612 0,1618772053256734 -0,06301268303135918 -0,5170197965911237 -0,5657665994011469 -0,08855979307755471 0,1384680207085703 -0,6285062898885789 0,7339310265554518 -0,4800512391291699 -0,5019468036256749 -0,730899872167579 0,3910305037019823 -0,5189919946410572 -0,1595869941422447 -0,5087176067689367 0,8032107030748239 0,003738191252801654 0,1454830534289345 0,3435141685210309 -0,5830007201779431 0,7055043385971884 0,09039969551804167 1,108429704488877 0,6530790267071283 -0,4766949702395498 1,847735699708466 1,075807052566143 -0,2086713467396464 1,201371767597705 -0,3269929941829011 1,290569847583418 0,4147384210778425 1,124499282996914 0,3583567609838696 0,3377452375850745 -0,6450900045410005 -0,118960082001371 -0,2678604120524238 -0,2495140046968345 0,5277588753086767 0,2054410826599495 0,3681021063242086 -0,1120601894618904 -0,461924198274977 0,007726307544472021 0,72088584095956 -0,3286559851026407 -0,4888280227070897 0,1350922287406236 -1,100529619896946 0,4577007681726374 0,473369967647758 0,6419245823514301 0,5926533876279271 -0,4924064628891621 -0,7020120717263203 -0,5019169435588595 0,1847919461506833 0,7285948650759536 -0,1786774204518752 -0,07423850198979597 0,5048841881827645 0,7668338802489866 -0,7697399083281204 0,6014316836173044 0,01730019750868913 0,7198208121734114 0,2904950891515994 -0,7911324003075001 -0,8458013868677692 -0,6782693562539737 -0,4593379432263524 -0,3744015083961134 -0,6188253151341632 0,2259870289602486 -0,8333168602446591 -0,9733550833999475 -0,9714086377428018 1,058116902567194 0,3950768775563834 -0,6079008194891414 1,076465238863668 0,02277565307878292 0,6877871808642204 0,02276675435951903 -0,7799279035167039 0,4692677242805026 -1,57036899928219 1,236165797082476 -4,339007044930304 0,4502150766129647 -1,17466785810386 0,3134607657091907 -2,195058360673091 1,306032016985587 4,587121829388742 0,5841891488851423 0,02502766246951742 1,944103512315449 0,5959221285823131 1,34336772693681 0,2790061901060029 0,2122897516024421 -0,5760054390063858 -0,3669022423938753 -0,05872394651086127 -0,9725640479054262 -0,09662837741783792 0,03035342364450946 0,2205573763763564 0,5580802149440062 -0,1880045097854794 -0,3638286467055489 0,6905687649194636 0,9023130572709626 0,1861288374139547 1,020566593843286 -0,9378053639273447 0,1337739870793517 0,7240008257977539 -0,01687550935108249 0,111727892636245 -0,07042131493762767 -1,426721245148813 -0,07648163066309391 -0,42122097642187 -1,051881399623216 -0,8213538157676928 0,1110159310516285 3,311141224895891 0,959934378168203 -0,1410640573329553 1,422759430706615 0,2515613455610227 2,217564465420077 0,7329509169031935 0,1499940504975968 0,2037144413289058 -0,8137841504508611 0,6914118366341142 0,007716721165061951 0,1151865051815424 0,112864286051796 0,1216922698571011 0,4245777675135777 0,3670440912907553 -0,6709529395001115 -0,9313879241947435 -0,3577750146136282 -0,3747531860278116 -0,5797373282514557 0,6065216147853941 -0,1534163821683739 0,7434976404950668 -0,7731295572155643 0,4501004024829496 0,3208496507419104 0,8392505196554827 -0,6430660084610195 0,04272006953318972 0,804718300774418 0,6073847322173918 0,9609235304484055 -0,8072349416212337 0,8449757488180287 0,6445859562265049 0,8659443082423215 0,6621990413850892 0,8218434674713703 0,3269520947910625 -0,6230250957582935 0,1717026801324673 -2,206527282588915 0,6663829028430044 0,1235173076515755 0,2428426687822973 -1,940312353087441 0,6173691895153421 0,3742367909837735 -1,277026893677197 1,729828997834932 -0,09021140977236154 0,7276460911069699 -1,314132614658305 1,899604419645504 -1,504719677589984 0,5579400603569596 -0,9178386165948541 0,6291928751658724 1,108305148233702 -0,8331161080139973 0,2638276834321529 0,2985520589743672 -0,6396581005223343 -0,9381500349306822 -0,2814263757269327 0,1973446413959278 0,296891789495383 0,03695962256088293 -0,5112891670288413 0,4613727462560775 -0,6442104370928575 0,1057674331223263 -0,575969064870402 -0,5504429986114459 1,093930878421758 -0,4919476274985475 -0,5768385611412599 0,6473437675149505 -0,8356062417489558 -1,250131101966021 -1,104968824069114 -0,6243706760157511 0,03865934475431723 0,04812624803871767 -0,309535475182991 -0,3668946657313162 -0,588750804285098 -0,08472495768165551 0,599173245680073 -0,5443106109538909 0,3586571922110811 1,222188546744055 1,403060909107251 0,9768054423101975 -0,3496387282151433 0,6876117072563109 0,7229392465957257 0,0791806128051164 2,552007859178391 -1,190871571126285 7,224516438329413 -0,693076956094357 1,381035420880344 0,514404219196969 1,832483488090048 0,5548484255471572 -0,03165931902958932 0,5340634782356141 0,348550874432886 0,5111033331226962 0,6655491313769267 0,4974486612717276 0,7416173403912067 0,806574282018789 0,8191308880469261 0,1387975220237952 -0,1283242441415992 -0,7774732153210381 -0,2976290790943752 0,6299579423737111 -0,1540053107778305 -0,6727615808636076 -0,9977883564988673 0,311658884500227 0,5489479568980011 -0,7610024404285816 -0,3021140971495969 -0,2334009447858939 0,3487328856916428 0,4626765446984968 -0,7230116680334083 -0,8613427154597265 -1,146742565850825 -0,6298870559873486 -0,6944817025640226 0,7361210609542208 0,09602914152294119 -0,7326059957397555 0,6856770157187844 0,4314116918503551 -0,2447750162458649 -0,9080131105032249 -0,4509032819914088 -0,09301306614946253 0,4300397403165543 0,1896997763702049 -0,9800226329303277 0,6348173386046058 -0,770470530383938 1,67573402834242 0,04960931923397366 0,5227951323534502 -0,1369182793173787 -0,7283426037795336 -0,4688278897970474 0,4063929443396713 -0,4191237914452527 -0,0506907712858779 0,2365457160972232 -0,6196639367806673 1,100935531501789 0,613557929340214 -1,241605506848183 -0,155012103584763 0,3669817842373279 0,9304211681384537 1,586660582724104 0,2243403383045267 -0,1114373100897996 0,8030101599413247 0,1273009785814625 -0,4792932710007649 -0,09434936139744275 -0,4699468671760733 0,06373100971507775 0,4543935162015253 0,7634715251438385 -2,383275999554761 -0,1268277466011883 1,95705779401418 1,086967745768147 0,1719003899310575 0,5097911657829118 -2,631848989708695 1,269496285837714 -2,571815728208469 1,467717089476215 0,1842515904719444 0,6357359568528493 0,9280220839878318 0,8577826821751073 0,5680604284261063 -0,0428916192205515 -0,02562356113765865 0,04802900085688799 0,9254773250053118 0,5774325297712966 -0,7272319693815619 -0,6331355139324029 -0,6747130254548103 0,9719316759254347 0,8081577042144774 0,07887836922656798 -0,9889885091546354 0,08185820995114869 -1,071007054783667 -0,05130055318382038 -0,3405838213304562 -0,1480659196244928 -0,8488470496283289 1,039553952765531 -0,4933930127871288 -0,4910499972565779 -1,089072062128427 -1,012941483488986 0,3456173993821458 -0,4098892942064166 1,359275721699913 0,08895404682516225 0,7919884219527641 -0,2797263962952627 -0,7876799123162217 0,5299058717708852 -0,8074265610772424 0,5524679359162507 -0,01692517291471935 0,6535347121986447 -0,05912991499073721 -1,102344439828097 -0,9727333177995603 0,02989333197021822 -1,265737694605262 -0,01654019645796396 0,3256955614856993 3,320437109319461 0,1187745040959357 1,129892931830356 -0,06903973682823773 0,4421515212627083 0,3416031283587123 1,104009491781633 -1,131781684312926 -0,403721023064263 -0,7383017322076528 0,712418092702773 0,6267680612242845 -0,1151610236670232 -0,7390102137275862 0,7001343929743676 0,5209280663519005 -0,9123447020838179 -0,07921931821034653 0,8640117143958665 -0,7039315497244399 -0,6708517623161897 -0,54800157083025 -0,7357793629528883 0,2328707515032221 -0,7888452659762567 0,2418534471104767 0,1578210776888472 0,7476864917223062 0,5336986906973273 0,4568202373058609 0,7048353206406138 -1,053518914994809 -0,1643841184314807 -0,4864944361796396 1,195241344539844 0,2244812996587895 0,1930531105760361 -0,8030354862526732 -0,4427726808007331 -0,3849772596036785 0,0197707749192502 0,5833187395546203 0,7691887649386727 -0,546319065170726 -0,08689488441244021 0,2988101782397568 1,690937858776365 -0,9470785747773004 -2,618014899148275 -0,675356525486234 0,1641184702147378 0,391076182119013 -1,328734306082611 -1,201838971943932 -0,3684826622739727 0,1152931180922903 -0,3948138155401717 -1,060319858441824 -0,9912707804381845 -0,9122000455436243 0,2341315272695768 7,362283871878284 0,849652109167695 15,04108902389677 0,4518226999087653 -0,5073007392860909 -0,6266116758578617 -0,02799747309604366 5,278450760331407 0,01270521470384765 1,026625112672283 0,4636478189877585 -0,2199766717803011 -0,6065123778337352 -1,075973726487184 0,0156955348511502 -0,4181237702514574 0,9328344689870578 0,4781646740666161 -1,632926171165113 0,03254820751282995 0,6537923406764514 0,3439745130358569 1,713730077639429 1,130123839470919 1,406124817156213 -0,2152386728460329 2,851062268115596 -0,947703105700161 0,7669613194967931 0,09372685127752503 2,53102308974989 3,063136333234858 0,05315387103561945 -0,8954851666488477 -0,4627103401953614 0,5074680363549391 -0,7506191986455338 -0,3345397850358516 0,164224036263255 0,3870145323403644 -0,3193573359414182 1,141820960549888 -0,0346538131653803 -0,4257987427113967 -0,1671076880033493 0,3739184603185438 -1,064606424989848 -0,9863824080875473 -1,256008881466718 -0,8207667509543536 0,9084982957204318 -0,635372572287937 -0,4340978304561505 0,520179150533759 -0,6545900416458521 0,6604717092431212 -0,3191010683387859 0,860857196381223 -0,6237063808529733 -0,4036786615017263 -0,1881474075894366 -0,4891624278118794 0,8974228621368469 0,7975806386578048 0,8845499885307807 0,6733400658752595 0,2571573466898002 -0,9467523077457011 -0,6410465188517097 -0,6663472754021079 -0,3368888775499723 0,08090398636991764 -0,6317930656199642 0,8501282154231543 0,2580285983661744 0,2484352276361538 0,7984330787904973 0,4860342078546314 0,4706754628923421 1,061399308294467 0,9482089871523186 0,7730002802540096 0,7174046404436161 -0,6958918366223151 -0,2505466699226381 -0,3516780906967504 -0,5912866651750217 1,020760292058359 0,2886608243883975 0,3807547212441009 -1,054480233024414 0,2252902343788949 0,8042555676823628 0,4452884369970357 0,1900887673689393 -0,7929884442322944 0,2600433733928146 -0,2550467164668025 0,2012285390419655 0,8414205843006035 0,7341078940415651 -0,9209471604589961 0,4900605172026193 -0,1138592227394234 -1,007644643798837 -0,4525385352439217 -0,2061015573079121 -0,5974436702957309 0,8359241557466862 -0,1668292118264333 -0,5336769887066823 0,6996970844234045 0,8082999405034273 -0,5856139247843977 -0,8688177456198949 0,5268699636874437 -0,4023009330389649 0,1087792083123629 0,6174797582888618 
Dense
12
1
1
1,155598141474613 -0,305949949144832 0,009875495509424466 1,246663617795583 0,8657432432077851 0,5158727657999685 -0,5396316826677349 0,9798259805486035 -0,4651198267891946 -0,02713647388513666 -1,038353224083954 0,1116675719143357 -0,1978922793008081 
