4
7
1
-3,826448616991266 -2,982618663502035 -3,492945671537492 0,5866531319995204 0,6880559952397386 -0,3438982874157124 
-13,741979874085506 3,237138572789646 0,8641979028328912 -0,8196862450879026 -2,18540516245862 -0,03699970627853177 
0,4364527704049529 -0,6756317067137618 -0,763956375230028 -1,179620329711347 1,13143679875077 0,4541327760608572 
29,1234563879723 8,431921053303624 9,982837142353788 3,500867882428673 11,129944295053456 2,536494056667349 
3,350910598353631 0,556813509332322 -1,482087596604964 0,913024529332234 -1,233938366991747 0,2648803143650837 
2,238752325523234 -0,07519210907146348 -0,10533994182178872 -0,4759183835901038 -0,5874204509098262 -0,7241027702977936 
0,83092300421854 -0,4949562763932912 -0,1502653906353578 0,015564178395372246 -0,3204728435868771 0,5769353155567802 
-0,1703358998532032 -0,3497885471846984 0,2069030216740211 2,225405339558939 -1,376187184070978 0,08099357084413748 
12,230350159140492 -5,736619881152804 -4,706503903577034 10,862803461487452 4,519997504520106 3,368647609310952 
4,399662928905641 1,216386641162423 -5,126692504239954 5,310564308180346 -0,8141101901992972 -0,11062069328091958 
-6,902766601849992 -6,726716934674502 -6,86896654068808 1,377180480732172 -0,8310763050142226 -0,6349252080600978 
-8,651982929182834 -0,02207836258505776 -2,48983399941297 1,398609620308156 0,2450547885264882 -0,8875132845052496 
16,95927267466794 -1,619382438242512 -3,901913144874913 11,07266269811894 -6,03291320540604 -0,6257674809729184 
-0,04641896792524718 -0,9553333630328794 -3,700900208546403 1,547319018694611 -1,608063312333026 1,823201506416552 
-1,269291265125074 1,624688633655911 -0,4467904943478668 0,11381005235126438 -2,092164623334924 0,011526453200748828 
-6,720018735499856 0,5124170660707176 -6,282705555407534 1,855105505306983 -2,016269495057165 2,032793612963604 
5,467788136773546 -1,744050939538702 -10,716689619850086 -0,3892202000182683 -11,198390836442018 2,841199493802672 
19,29723876327352 -4,360736010934644 -1,714698575955283 0,900170774857352 0,3113047333743668 -0,670575755522459 
-1,664805940967868 0,203585149246955 -1,717606886821145 1,126983306844097 -0,9791671204652458 0,7307680718278728 
15,891181381614822 -2,434161022417418 1,976397644933135 1,267322870397681 0,2945064851447219 -1,597170329853533 
1,378284253431076 0,06051273521490574 -0,5352589354528824 -1,0224411703061526 -0,1885026954427918 0,9502186503969572 
0,6978645486067868 5,805967306822946 1,55766816885842 1,687789644361212 -0,8365364084745014 -0,6701196821797828 
0,1805324737064589 0,09898614095752372 -1,072659338805223 0,0839109641736015 -0,8912627734527966 0,7020242765560056 
-0,0555747725455936 1,270458611250238 -0,2303888003097618 -0,3134933043203621 0,163057322005255 0,6709151175041136 
2,802336123034893 3,377857030937715 -1,244099511005199 5,675706676911092 -2,546973913466073 -0,6719185822425954 
1,673032417959004 3,072622323343664 -0,9179671334126644 3,76576757037521 1,381615309460582 -1,406518555827023 
1,846776565127461 -0,1784925005222778 -0,1928033644821263 0,1771638931356814 -0,02122518438504397 -0,011350263736992514 
1,94212952991498 4,59948616417136 -0,4418990819583629 4,31092593973475 -4,704210754510092 -0,4688941179065182 
2,260966888878541 0,877924672303953 -0,3738303251154112 -4,275610648854123 1,364276242133937 -1,508579709387211 -0,7327071232684936 -0,956089720821846 
