40
2
30 1 
0 layer
0,1039180624073605 1,586440473882624 -3,020023685538533 -1,305104885636498 0,04580848528378615 0,7022889982891042 -1,587938726021932 1,564579834306445 1,632000528776278 1,952923203882834 0,2052333280333111 -0,9048168719234467 0,2298377758283199 1,238815854107228 -2,055254424698898 -1,669175812545397 -0,5081372010527204 1,876486156217521 0,5065997578430205 0,7851103479551444 1,362540249784398 -0,9407590006106026 0,06161695614900797 1,814593057135908 1,304986413547664 2,902660543781314 1,37119299599439 -0,9267207921217803 0,3902634486355102 0,4857733052568076 -0,3991262138284083 -0,6185037901186443 -0,999583261773909 -2,754571226371632 -1,686487175315259 -2,383153939830751 0,9418015873711594 1,014745419271394 -0,03963639584421248 -1,091550342222387 -0,2645747255060543 
0,8120346761359757 1,957042999241716 -1,560518962053447 -0,5626993836699903 2,161706229215075 -0,5389174710130048 0,1241873875716717 1,315149053350781 -0,8934725461052648 -1,43486124539831 -0,7343783413651773 -1,172464690506243 0,5605895480363902 1,181211737641711 -0,1951236745431401 1,192399098682865 0,03333305478098991 0,804841940815084 -0,8169398209960727 1,629985251048893 0,0435489887567147 0,5631360530869687 -0,3013805930918476 0,02191464293632943 -0,5825747495378202 -0,9244193098267304 -0,7363785790502546 -0,3551547590005303 -0,570433815255858 0,9360337023769437 -0,8083414187058541 0,132928484752231 -0,1744751719985491 2,400519193712314 -2,030247654596137 -1,171610021846991 -1,340732854542833 -1,21128545831905 -0,9974132495691734 -1,357389322883201 0,8006167287488294 
2,236547366523196 7,807987358210385 3,809326975272723 6,200717644385568 2,189566152650236 -1,534066505371236 3,329985948277622 -4,733117740969332 -8,330595800427995 -10,93244616979429 -9,880292324175706 -10,16710695416467 -2,899935969119849 -2,072163181888445 2,178006413792275 3,720119968717744 4,803746784863265 -0,7455156971747486 -1,537227833158994 1,135503273679038 -3,371939204371432 -4,040324236223375 -1,9797280903571 0,1535629254018419 4,227850833229421 0,3742003745616785 1,434584424216883 6,398199917566283 -3,160396844794625 1,114953007424984 3,08263837513808 -0,04944968284088148 2,572452389060633 6,38858865972044 4,318008935089452 5,427282760964356 1,295928926500069 -4,835046009498732 -2,767375900315776 -2,952353972219937 0,3603246248331765 
-1,100123338040883 0,8232905077781199 0,5853109965122933 1,445016236463761 -0,9122328161217155 -0,3527638322242584 0,3395905573036784 -2,236413751938476 -0,8888676058022271 -1,380271328621185 -0,9674802892169874 -1,033361060350956 0,2499191630157425 -0,3458106717816615 0,5875995239877568 -0,6517286330078657 1,218774264323847 -1,584012112932683 -0,9363258639502715 0,4171846309158457 2,738913092196912 2,212875697627545 0,5874202655012564 0,8899847234201259 -0,002721817931512621 -1,085376341059228 0,09011317369069946 2,66855964691747 0,08848577661061707 0,006038231672795176 0,09080135144461474 0,01330090887702249 -0,9805640631480086 0,6457781061791197 -0,05198735784889586 -1,084258929539503 -0,8696323067404504 -0,3181764071407274 -0,5155398450631959 0,7732479741119839 0,3124889282566844 
-5,399934791457528 9,4701916044054 -8,646643719717478 4,950864091010948 1,417345706849186 15,46948224347635 2,849496836150771 6,735407127200358 5,306272059036216 1,905353850693555 3,288055311562175 14,54590814406179 -0,668407995746729 3,889332427659008 -0,7301751920526608 7,591453911799307 6,169821485317469 16,95043346719885 -3,019167943366477 0,6128246995305284 -5,778332883605799 1,944699486852799 -2,356903240959556 1,517576153781705 0,8533639243214246 13,37443317241139 -5,227532268493323 0,6123272637268798 -5,80590508823033 4,704685862181354 -5,683549002622807 -10,49406814901561 -8,379632898514172 -5,248864913654427 -4,535058310058513 -5,322425036862883 -2,919981049750051 -1,877178505242462 -4,079085302099322 -3,920368330585521 -2,052659776779707 
-0,7709981494532963 1,865114721439043 -0,9851855239025983 -0,2906782109947205 0,4830595981042303 -0,1315349381005332 0,2698972774032777 -2,387976862695985 0,3509982952220416 0,5561086374166785 0,6318899976387863 -0,02003138462728089 1,119083929735619 1,591870506962263 0,4454984443589662 -0,6177600692623167 1,214612804701452 0,2021972135486384 0,5065359200976314 0,4515256773238057 1,506882498973658 1,378457313932772 0,5849359355888062 0,7863768742674059 -0,6795588739340059 -0,7214938154917245 0,1353681218924258 -0,08464990155637941 -0,0452612055381634 -1,037151906777495 -1,09804408425488 -1,469948086544772 0,308602645489169 0,8825475184413806 -0,5829967554273778 0,2613861660166439 -2,204400744359752 -1,395822682474721 -1,058684658619101 0,7489463472221299 0,2339312108221528 
-1,384347963835472 -0,2553753064377712 -1,304871256853113 -0,5917595960748646 -0,5713132277290733 -0,2852987645562403 0,4281450509214255 -0,7521500892762036 -0,3669363890465208 -1,307698983843404 -0,4834883072125664 0,9445174628378429 -1,065722039192108 -0,6892500931824425 -1,449928106696498 -0,47654736175349 0,2215152939001242 -1,040003753282702 -1,647251470250511 -0,9532182300892434 -0,01753864245619743 0,3281991976005212 -0,6704514893408786 -0,2324158108190697 -0,8589797302903837 0,2798907185342286 -0,6907283728418101 1,374242506205936 -0,9838068910950356 -0,2735760019395175 1,014308926276573 0,5809232267669033 0,8572401932899774 1,912130798596391 1,471023463431157 1,077401913927474 0,08941595405153933 2,275843715219131 1,107431218971346 2,11650416157194 0,3376384690547627 
-0,1249119228364734 0,05515049378130985 0,04101138181038818 -0,3612650886904895 -0,07919083644862325 -0,9049116767745712 -0,2589725602062578 -1,521256679470512 0,9139716522450686 -0,9557494996231498 -0,5736615414520631 -0,5537167727704279 1,229803771725645 0,494989698295743 0,1998269016853816 -0,8260345253278085 1,394705979157041 -0,5033462667747074 -0,4928307371380316 1,640151847426254 0,6803526684024432 0,6062949385615445 -0,3027202235498407 0,8398078600454801 0,1677476499168407 -0,9925278853202009 -0,9931642127033401 1,33572020016724 0,9952668536478835 0,4002315311824581 0,9089785341861364 0,1954880998922643 -0,01839993030626091 -0,4006166271434481 -0,7101437797807698 -1,338855994670162 -1,084640290364783 0,6924971382024084 -0,2953040911441698 0,495679938426246 1,111481157084349 
1,699151564439367 -0,7135782226220081 -0,9427358872018859 -0,229516521645369 1,495410855657966 0,03512837176661973 -1,351465965880832 1,09889553580107 0,5530897784124071 1,336144957300241 -0,7893628519627395 0,252009147008155 -0,7619021272969805 -0,448985320108784 -0,2639079622841475 0,4391506468917966 -1,115648029301759 -0,3963002431961102 0,316081946005595 0,04089439259862736 -0,4760737604447423 -0,6697707854532399 -0,9674889610372236 -0,2685614352763344 -0,2704714419201566 1,125876825366131 0,8585614378824908 -1,319658884966349 0,05565337323623341 0,6845467288623468 0,3047383780451076 0,9378752202699039 -1,191295477260725 0,1609235971727979 0,1755817377199143 -0,08911590484855349 1,174479825232967 0,1435099630210498 -0,6441615803091664 -0,03312454359683845 0,0002151106032817508 
0,1358526304678083 2,373660917318249 -0,9413411981241064 1,010278670798661 -0,7501617964814206 -1,235979842322112 -0,1255292023571817 -1,893017059491378 1,906916647675085 -0,737591282073121 0,4634474838786791 1,093135589219846 -0,9179201274574897 -0,7092792715295088 -2,814978870907422 -1,55311203960737 -0,06387819361579991 -4,777911771004397 -1,666875945281706 -3,13011655726454 -0,4441726529288327 3,31777312612399 -0,6787385409347939 -1,057558440804581 1,676457982077852 1,139397643393135 -0,6031612476887418 3,725914738920103 2,911260427105856 2,706461626327965 1,403953071975816 2,220663022753595 0,9140949007143766 1,744954394352819 1,219415748026106 -0,7223045509385905 -2,430386298946328 -5,028657892552752 -0,289798840373633 1,078291069624922 -0,5940843231985925 
0,344426074646512 1,023035098350852 0,7247667760591576 0,5809472186533677 0,9370374549356708 0,374316353152317 -0,2028991990023007 1,991372360113694 -1,440061512832654 1,173470651116677 -0,1916104476781031 1,09999146735172 0,6660882152195349 1,708423922109208 0,32975159202359 0,7009004668255703 -1,907146869241723 -1,162235895775405 -0,5441840149392894 -0,824753842820761 -1,314568251290358 -1,91052421719151 -0,2337247773386522 -0,4821970328879135 0,06683738748812861 0,05440716000393323 1,566758690397501 -0,09105261597996643 0,8415415791118245 0,6652705523111048 0,783826805055763 0,8944600013364462 -0,9444222590571353 0,4066660691879163 -0,3918623749506395 0,5427327421975027 -0,2902397159177668 -1,454460227356049 0,7061332753537508 -2,101309266586467 -0,1204468669363907 
0,4075303580597519 -0,03424022637635519 0,1093104965183427 -1,497000605796714 0,7216045256842896 0,07209409771923826 0,1008768025180809 1,305761466374423 0,7987698834649358 1,913215721789784 1,236229754159226 0,5403345603039414 0,2758238632971829 -0,170417025547205 0,2740323569793613 0,3063676072020236 -0,4793105557120493 -2,399551501088263 -1,170060609090751 -2,499775186169353 -2,029316918385941 -0,3371724050282301 0,9999070660267474 0,1958460550002179 1,701994821422492 1,751868564271465 0,2561908481205747 -0,006917934873885776 1,445794870986598 0,1081861691316518 -0,2514150225000407 0,2908519201830169 0,783583601029421 0,2420076030962122 -0,3199703092794711 -0,8156749190198946 0,4030522521481041 -2,66641331547873 0,472059958310418 -1,628648358319962 0,8628659910438947 
-1,34704102504003 -0,2939437734429667 -1,030968306047598 -1,121121929255216 -1,887828359907472 -0,1295917285376666 1,598701557100175 -4,050666359108106 0,9082590827844168 -1,978148698405428 -0,9961888839641658 -0,1051799594524046 0,1304017183692138 0,8797709991009592 0,342566654203396 1,074069476929238 1,91915234151654 0,4518669047209219 0,8174548807731982 0,9555917906209301 3,249607456469836 2,691696389026476 0,2121899847831707 0,66460092720208 0,6988412447534457 -1,4295888173491 -2,173816568475267 1,13941699647388 -0,3924456651535769 -0,3336385860115623 -1,015087088810494 -1,346409091036544 1,919723156241303 0,9716722697764312 -0,360441603392068 -1,358585787526884 -1,460929884796073 -0,8122836564037075 -0,7707943017254085 0,1257751456092792 1,418287082121387 
-5,248639740058347 -5,531595151109908 -5,86363358264391 -4,329460460079478 1,204199482054086 -0,8746126668605144 1,868695592367148 2,131987837013534 -1,737320596776358 -0,7311262598024892 -0,07792728955517556 2,523965991142956 1,439491638652673 5,90607738412937 -1,213091643166373 -1,449327584367366 -4,688460676935317 1,238272174513246 -3,431727369841853 -0,6687342457282065 1,605424601228481 4,584748425690758 -0,969773178978434 2,720222961261662 -2,926473760728471 1,681332502446808 0,3435023566455788 -1,458990834861048 0,6821582637010264 3,527416538680777 4,122026925084497 4,022726764334266 -0,1226653596012405 5,894756807614498 0,1146370144425167 5,916240424390335 2,706415371426415 1,073112836675994 -0,6353053627430746 -2,243914403867988 -0,2904482757726698 
1,828142616092504 -0,8473923061250517 0,1567626829889213 0,1392657549781584 1,569765051729799 -0,2628390081698006 -1,395544831986044 2,155462092573344 0,7367368218838941 1,0433235047517 -0,1413484902010421 0,11254205499336 -0,1337292750978946 -0,222220598524202 0,1225074504774439 0,441264960516767 -2,214305146186554 0,7573703058817154 -0,2789236545556213 -1,585677922956507 -0,8591299794696106 -1,445913612001721 0,1990632314961051 -0,4593768154368995 0,4988393083956867 0,427783712481823 0,3614810368507975 -1,818850916362356 0,658931326153306 0,1350826281437174 0,1943015177624466 0,6530157658057701 0,4378903632570014 -0,7683307399946492 -0,4241128062024391 0,09130358226783997 0,6247013402206316 0,5425140226541875 1,212748450604787 -0,1183070049638949 -0,6964877601851146 
0,9548437636066986 -0,8526307700300846 0,1965057736873924 -1,268246325849158 -0,3002360104209185 -0,9989779637992241 -1,899676573904641 0,09280812125132472 0,7626677477415642 -0,04698791098370937 -0,624273245326516 -0,3935736031550159 -1,054005498296028 -0,7088903651844387 0,5021951807707383 -0,4738740310344968 -1,136316125512156 0,6244021613403237 0,6562279721686335 -0,9300184892848272 -1,134040999060291 -2,108513286076738 -0,7246055907228809 -1,081593872350712 0,4863645993147506 -0,9115933636510409 -0,7865411927909385 0,1455297228385135 1,616152395558974 1,170213404760108 1,560776639577836 1,649160168874629 -0,7901561021940751 -1,886172171976175 0,3958661521191789 1,126204987003421 2,044247559714557 1,215222455465289 0,04303858892071755 -0,08277551291946596 -0,586305416081227 
-1,103987529165317 1,183919348909763 0,7690109970507326 0,2526123392383254 -0,7314838374233749 1,022747467134935 -0,8991004714305114 -0,03952172361293086 0,5078408562926237 0,2978618054671363 0,4962616017791536 -0,5282330627594364 -0,3599052908813866 -1,202224054570292 0,9767285247072089 -0,4050277089273799 0,3253624442841107 -1,19772768419126 0,2535530149515087 1,04627290871543 0,8080439059154134 -0,02235571687915713 0,01867150471986763 -0,9402064569345049 0,9220717963982142 -1,289492988740081 -0,4079560662596557 -0,2059957202936128 -0,5545432562274865 0,544077520177393 0,2404929579887427 0,224379893453842 -0,01706893272646264 -0,1753713904641215 0,5814506186592704 -1,320110324136671 -1,372798998353778 -0,04093877813429293 -0,6270367319462832 0,8873473271346346 0,3206054205735339 
-0,6249796444521672 4,544317407244494 -1,942477969449943 -2,839992920368406 4,515492293851341 -2,567576108857335 -2,674187997314401 0,1025253660277574 -3,141924101430032 -1,161523422997247 -1,881983538432751 -1,732412538357004 1,087542593719487 4,314551239566011 -1,492753008837948 0,9918058824026235 -1,482874592543846 0,3553929369115104 2,647517407953293 1,250011481766277 0,8723034133398365 2,89511909270205 -1,072198312068041 0,09906612899764496 -0,5778962955523045 1,5425090888026 1,574181857331099 -4,016713283130069 -2,329447529127858 -4,729087684438662 -2,301311431159259 0,9405253282958513 1,255133668895997 3,395965629186609 0,9100910699526852 -0,4048231520545975 -2,035215575438999 -4,926487718083321 1,143135452077298 0,294424959929934 0,8425329208055303 
-0,788618863974023 1,794375752137729 -0,341359723016338 -0,7337864430625564 -1,012195495089325 0,7296255222507603 1,139298197449823 -0,2575775907762415 2,23529407344707 2,038533347158562 -0,3678742867797047 1,060032176162338 -0,3316330092227956 -2,157617701977003 0,04964539920320377 -2,033814494694685 -0,2840739273831284 -1,742652588592257 -2,069280111696664 -2,409239355113515 -0,2748344166590356 -1,375929107192684 -1,54399535065054 -1,053812102722502 0,05485280630957363 -2,889744787987232 -0,4363833209190824 0,4337839368277226 0,4325617128574923 -0,8086003534420704 -0,7808421773241385 -1,084157679416134 1,340589378653445 1,547725149824149 -0,7881739584109143 -0,6944669480142001 -0,02751013535118603 1,90966676732061 0,6697712113585043 2,33797259944986 0,6504083749725703 
0,1866533114108938 0,03578089096766521 -0,886950259486799 -1,170533397378313 1,314242186042173 -0,2220759391617811 -1,253539958980511 0,02829611976675014 -1,24025227532837 -0,3012316222730196 -0,7677289681571897 0,282792079874046 -0,09444063139070755 1,143246233493032 0,6742088541260984 -0,2454470277160143 -0,245057886627404 -1,211808274505795 -1,136904229409128 -0,7870855474577247 -0,6039787390479604 1,562128636021826 -0,0893594300901253 0,7482348101915915 -0,1669517155989703 2,183964057751291 0,8101030280745161 0,1987712769514315 0,7239189017473866 2,401588469405247 0,2767160984921912 2,276021658501848 -0,02003974262059215 1,71390124131346 -0,2292795657128313 1,31322052074815 0,4611378341102106 -1,247485650585802 -0,3165076545580099 -1,474510367948865 -0,4894381395925145 
0,8159545057209066 0,2472331771896213 -1,609807624745615 -0,6991439878573549 -0,3425001328450745 -0,6072465897372573 -1,243752723347311 2,322712291346863 1,447145904283438 2,249081221741699 1,58891970586031 0,3967612028843029 0,3294273428004593 1,176549149981096 -0,777531015652839 -0,02559453696004611 -1,374833987521253 1,675206081086076 0,706125745854017 0,2782138936810346 -1,999564962637945 -0,5183315938669925 -1,627951263238786 0,9188843408843339 0,7124112921533686 2,574579262156084 0,008756071690961183 -0,6994273834764897 -0,9743181001155459 -0,7371006003521671 -0,7471548675191815 0,2942989039127012 -0,8063609443814438 -0,09993773626713633 -0,4578998904780079 -0,3120241354348454 -0,1895925410355892 0,897238236427728 0,005440276043725855 -2,274601930767039 -0,1558467103112302 
1,018166492415527 -4,576994462536895 -3,874410518610014 -8,443481255611101 0,8934870080596247 -5,085673643127811 -7,18599182358799 -1,228672261528591 2,701910355074855 5,183196387015887 0,3010770688360787 -5,792887840523912 -2,931898214510596 -2,031543698979326 -3,057636960963522 -2,982793482349897 2,118273562010477 7,562223123771791 6,183415183925656 5,505596250288425 5,754046965002831 0,7186765969520027 5,149145876666942 4,515248611037444 2,144922740575641 2,694642589531394 2,054971126615779 0,2793500926078813 3,648900795902488 5,724816655144187 -1,126743379649314 1,657301489393618 -1,379276338679373 -2,875101702007622 -2,114991964420712 -5,727648467772338 -0,7582598400354746 -1,084731955386888 -2,004225812621588 -4,906792959805257 0,08267826555520918 
0,6729783969204155 1,644405113663424 -0,06296580814629439 0,4606554180578298 4,046379039253854 0,3111730606448231 0,1680201095736988 1,447539359896024 -0,4838146295013518 -1,810955567799975 -2,829565621732376 -3,838040101240869 -2,070627518967163 -3,011299631602455 -2,326306282460964 -2,693521172354201 -0,6209030772933181 1,036171691981023 0,1436243003792265 2,03844954439254 1,830325556222693 0,520758524215026 0,6625344422508619 0,2146605525588316 -0,06067301812155534 -0,4468428066144475 -0,3278324166369282 -1,485073268638896 2,64581845250842 0,1849992826636966 0,5248011051973612 2,426862479148694 -1,365299961180078 3,821377609325563 -3,480242349797372 -0,08517368885109995 2,931122918785965 -2,926517257335146 -1,13924064888736 -4,116712868292725 0,9386504856636398 
-1,259207144392872 -1,083358294486609 -0,8408009667380802 1,394830768435378 -2,279653817871 -0,3039569865537028 0,5009850503855906 -5,141267856329173 -1,273290835361865 -4,036483751999103 -0,8621840278740037 -0,1229750928838378 0,4590408690243085 -0,7072920111201197 -0,508352484669353 -1,409564486716627 1,142599594637672 0,6633913540514065 -1,836437448757157 0,6403633684593699 2,956931373642495 5,209652922546279 -0,7215080766093713 2,922833353083826 0,5456208526677102 -1,479511311301436 -1,127415547625669 1,751504420730868 -0,3010170697198098 0,5706063382685314 -0,3219824055206338 -2,423743523568342 1,638304035292378 1,482551023959599 1,569493688065584 1,976196744944875 -1,017534485814485 2,094453124205859 -1,90823694416879 0,2176465090205091 -0,3193951385110714 
-2,576987134341935 0,4948694522210036 0,3951084346800414 0,3670698709438648 0,547072162067927 3,401684258009816 0,2919692555108199 0,6859090622677725 -0,2330013643411575 0,3235221571446982 -0,5684514707787277 -0,2667527849214062 0,5072078396506785 -1,236933916871179 -1,62076136538254 -1,646966754184039 -0,8050816388790811 -1,852475696205183 -0,3075784599940665 -0,497260251210078 -0,1250227163159525 0,4376719254765388 -0,2513314112644552 0,2668088180404887 -0,8354275759735044 -1,139473246719702 1,024095517211766 0,3933467560544326 0,3775136390153474 1,501509279551731 1,102439139734082 0,5843429453669535 0,8136008852159671 0,1466716433186596 1,434769284968221 -0,6814643838495059 -3,003201368116932 -1,212506104310912 0,8177838082741787 1,74502819760458 -0,876651207383922 
-1,931671913261628 2,049268275946145 -7,748717973063848 0,2028807989977212 5,54078307843656 0,967231376701694 1,320800598182247 2,622315162579508 -4,743992743004093 -6,742868873082925 -5,56376340698811 -1,697515215087557 0,2184239610720911 4,726312708588815 -2,439649945101641 -2,792820654615602 -6,320356778366102 3,048381274779868 -3,930748721494098 -1,515115617183892 1,910949886621348 2,84994151033907 -4,654901747520252 -1,176966937628056 -6,256282413831031 1,298531533631909 -0,0469784900656337 -8,914631350882217 -4,039766056058501 2,70838690306739 1,581758437561783 1,408225484061192 1,819675779515138 8,098883831822214 2,405876966831552 6,096264624822846 0,9434335052119573 9,272298296003914 9,333299046568508 11,05852691858301 -0,2643499955453784 
-0,09889836964657898 -1,003022463089414 -0,3867488259768913 0,2487590242970218 -0,5124630145568365 -0,2287123013558278 -0,2561501244129054 -0,516147661055975 -0,07637455214122019 1,208738734662836 1,349306219521045 1,040168200018115 1,086057051353847 0,9568300180676206 -0,6425698617861657 -0,4404579006932214 0,6622927388045536 -1,014798763485325 -0,7669208713738482 -0,9347617801096458 1,601345707455991 0,383842667113343 1,710536370014328 0,5223481479795432 -0,09029367000493413 0,07003391840231397 1,249011506062633 1,722488630103495 0,09062810215255604 0,2052819331086434 -0,2809905007589094 -0,8377624277126009 0,227717144533091 -0,6882234140400891 -0,1190091153216233 -0,1651166054562302 0,3142627144630945 1,554125824610298 0,650027615401942 1,426519195806614 -0,8341653601709027 
8,631440829936812 5,477971721591771 10,31540040921641 4,210068064340188 0,1665931101463984 -4,867832820761026 -6,245934533548433 2,183214918431414 -1,666725633081052 -2,596851071094716 -0,9723528882434763 -0,9259201393331058 -1,468938340931908 -2,696285953255182 -3,665373296303538 -3,967027661370245 -7,201369672062282 -7,077921336841493 -0,9474653015714557 -4,419313198537755 -4,019242779322544 1,529007527408544 -0,3308878498315693 2,6581015319027 3,343229353004728 10,60996650490166 2,965845017324128 0,8152475146437497 -0,01638225509810424 -0,5858334006709008 -2,100324961864657 1,285058429472912 -3,802480092749179 -0,6381479975499157 1,738726847072764 0,9500468753993225 1,642697918821162 0,6664321745980181 2,326159439447244 -1,026897526665389 -0,4959531594741147 
1,921298830838848 -1,747405708532572 1,258579215304814 -1,315062242892286 -0,7588004141250571 -1,009000190632122 -1,722006406813147 2,440794050214051 -0,4147858623083425 0,1402609273925017 0,5951694117664499 -1,131739408879382 -1,337327377694385 -2,21763355554391 0,8500850268885131 -0,8777597858191046 -1,750941565408054 -0,1202149220427627 0,8283301352543232 -0,1052569964048356 -3,457188149667831 -2,538379246359418 0,7916184293875753 -1,950572988124702 -1,56314777766611 -0,4271157886966541 0,5051759301406171 -1,32140830308155 0,6505137049742139 1,056711495486637 1,813551098425235 2,687539046821628 -0,1980575603312696 -2,289528961634435 1,060333924978944 2,870335261221718 1,989681896150939 0,4899852197895123 2,181931200379199 -0,9297004700257558 -0,7419627554216804 
4,18199264590674 3,593447209140312 6,469428067418086 4,339129412945919 5,916556157986382 -0,4160644252554879 -2,158063828719359 3,470302070131616 -2,044948099827799 2,216210846425924 0,3103724632259462 -1,409162539284973 0,5422263418391469 -2,876709949016718 -1,223520559024097 -0,9710910983705281 -2,733787671540504 -4,720081476944432 0,6545163425461485 -3,386525399488812 -3,178700473722833 1,444802041405121 -0,2105654543981439 -3,398007903570799 -2,050541684348945 -3,997720706112902 2,712572904833038 -5,548897717857761 -0,1459389979498847 -6,779406398101425 -3,149660848738359 -0,06897814744014463 -4,124627262539615 5,912707061314635 2,359200314254065 3,082110745474962 6,11284018935191 -2,855461724567753 3,106815905248621 -1,61943614834171 -0,1306514963526932 
1 layer
-1,011468898930585 -1,731831221240316 1,008611719361812 0,5824104085901046 0,8317050788095132 0,6924254974662682 1,400480421349897 0,7961655042987685 -0,6203296030692101 1,27342874342055 -0,8261048759308675 -0,7746129038071239 0,5201367219771671 -0,6741995413232703 -0,5982888817979902 -0,936874770637669 1,723197541205471 -2,309351957369761 1,896855680857886 -1,506320918126658 -0,6865238048112849 -1,140932063444795 -1,350315129982622 0,9000638542281717 1,3472489634684 -0,7898493067901956 1,311608437011166 -0,8023449957861931 -0,8121780283031091 -0,9203802406161439 0,5764183084569866 
