12
2
12 1 
0 layer
-0,777818418556789 -0,03583209544364467 -0,611027382724659 0,1385497607029282 -0,5035921970934302 0,10420278729503996 -0,3348874558688665 0,506147769813058 0,9705677457883232 -0,3693223954597191 0,005181234255162254 -0,8789460458066146 0,7039981639437114 
0,057537386421121 -0,9964803429734222 -0,8169167083505866 0,4788848030422474 0,1369922602602727 0,264015725676087 0,2495284989163261 0,551639724351336 -0,894622905797029 -0,481974335875728 0,4875058335436548 0,361364671621642 0,1315093274099591 
0,515078659658356 -0,1888484740271862 0,06901518131478798 0,2639635719908221 0,07722570618013456 0,08756710429098602 0,4616398364099842 -0,6162690793632142 0,0197538304271556 -0,7228937004686606 0,3604494724591722 -0,168560281005003 -0,2202225598645488 
0,07384503386049166 -0,2342143016558867 0,7255608531258074 -0,3307235185000953 -0,7260498920917008 -0,1453487214975725 0,4886323249775126 -0,5574287702997792 0,1540468005446006 0,3132205173981197 0,2559262853938539 -1,185163294505326 0,307399277362368 
-0,2991141318854365 0,03446701135542742 -0,03413846077858463 -0,08863145558308796 0,335541974031396 0,3322491366150465 -0,2268974078726072 -0,4737669373292168 0,7903431186589496 -0,249894126916612 -0,1074246186683497 0,04735487941671932 0,03448292832840301 
0,003551170698931541 -0,7410447659881784 0,2853549052709207 1,150062307098805 -0,6204949757711048 0,11146161641796184 -0,5394288551763564 -0,669516908556127 -0,4446107236159887 1,129712162265527 -0,0500513840949681 0,1517964515196745 0,1218286308147879 
-0,5065290140824602 -0,5513336200829602 -0,3502352467098914 0,4663877449032988 0,7015586643583682 0,8294411670482034 0,448017559999652 -0,08034505890919194 0,1675966879365712 -0,8176617394540624 -0,602475838261961 0,0668807281173104 0,04118136798788483 
0,2913112338179828 -0,4857415045223918 -0,6580041786110246 0,3055330666698664 0,4429415080193228 0,8080611151372132 0,6294001639225416 -1,106353593962146 -0,11918866815165346 -0,02726655603608811 0,1844457841801306 0,7605582272926316 -0,2965716615987767 
-0,4455394254779923 -0,46036192543798 -0,1538629214716796 0,08168538511275052 -0,4325200313587082 0,3063305353791785 -1,096550144353522 0,5438008211218002 -1,117690407898728 0,4944006291426432 0,0871019221048349 0,7409474637864082 0,5860019221819552 
0,0861828814059018 0,1386772877419045 -0,8358878553531368 -0,2864300369418618 0,422225521440353 0,2925860199871953 0,07693641929432452 0,772226001626452 1,050106496649356 0,767053755264392 0,3310230766472498 -0,4195669264746688 -0,5462351275349604 
0,4381939448569266 -0,3599461142587035 0,1948276969415665 0,3269331173561419 -0,965947308483013 0,001996423193768133 0,1556627909875449 1,162722151334137 0,6432766938629962 0,4486695460064737 -0,4392581806977976 -1,170024587725816 -0,10095962839840466 
0,732562896965022 0,11423694761811614 0,1329963260870631 -0,05198883652028024 0,2744671389390197 0,2655165731466969 0,1149749472464009 0,5927961393609074 -0,459859253385184 0,1358298309308791 -0,258211467648369 1,243936439877796 -0,9493146505200278 
1 layer
-0,1685511367689715 0,05912047000169492 -0,006775339980449988 -0,11593014076011766 0,006586622924934818 0,02472761141984482 -0,03453060182956612 0,11654932394222648 0,1514481946914254 -0,09561443587379912 -0,2553121484623679 0,11658944487062154 0,347365961164675 
