40
2
15 1 
0 layer
-2,832314662335814 -4,651181335919011 -0,06941280936290598 -0,1312240602652011 2,844504916263719 -7,528738773946205 -3,562618678315564 5,037072386289659 3,267109459729529 1,186021556907397 -2,024404686343192 -1,668231916687621 -1,950139188661433 -4,622121423748824 3,99195663860949 2,132460914107389 3,760893642618501 1,328809442898534 -4,163285392528659 3,322838707348667 0,9337837618911594 0,8842379181963177 4,207479005054299 -0,9405625758779971 3,030185282031608 -3,367863636654286 0,350186806081367 0,5393359747402031 -0,02568077053563278 1,072133185777987 1,279989583916022 -1,4172604863767 -6,144153008996486 0,3135248933663175 4,595128498000149 -1,75997616164365 2,045680399656724 -0,177006219623762 1,279668798134388 -0,0434626213603844 -0,8488628946094582 
-0,7531916159105034 3,636445386596589 8,9812827620619 -3,483661429764346 -0,9775652662453688 6,990657586520558 4,40390302356523 -5,243946746604511 -2,219448972647378 -5,273763603845605 -5,866530285138266 11,53920852851512 -5,745102728188272 0,373154551353063 -6,383458219547981 5,761927061173197 0,8864122049543106 -1,322936600107972 1,058682058502126 -9,96021197751803 -5,306107342344651 5,67543066383231 3,455949652325731 -0,1524877416097952 4,91223824409164 -4,917955907041381 1,940619993478822 -8,618750588623039 1,922892797035179 -6,866026689851416 1,959720138824623 10,54880910977185 -1,5021607911467 1,186280188946219 2,487158623691498 -5,777418564442467 2,338076209889514 -0,514991762006076 0,07384565671194956 -4,502117399756472 -0,03544305564882929 
0,2853978157563958 3,44678280872367 0,05782468991339898 -0,5460147798940935 2,653868995851635 -0,7914652938623662 -2,462918269037561 -5,536932087880134 1,47754470166484 -4,895220101218212 8,96916442810039 -1,191498218072124 0,08813989726706227 7,604600359015344 0,8987286551922815 -3,418746236897356 -0,01431915958222913 -3,232211502996899 2,26697349286811 -1,800749729197976 1,653974748204475 -2,06590173579104 -5,740471066318587 0,417059772352538 4,853192991724673 -1,245102766115865 -5,276066708323998 2,884007088637909 -1,582278027160861 2,023050775071257 -0,007430467711720524 -2,045153311380339 3,135442385550979 -2,118312435003934 -4,152418957379299 1,944393118189639 1,830919536286385 -0,5473729165035576 -2,146519864267575 0,4220037461222087 1,305665654583666 
-1,969451665505628 23,37541650811879 13,40129526335073 -11,03503364818086 -6,289367657696676 20,47585078290415 -4,830141456645975 -3,283055479078088 4,811940233679796 -8,841978121872391 -5,612578962071081 -4,06653016668128 27,72579900530419 0,2835049860290896 -7,8625759357614 -2,286871024521171 -1,009819220662762 -3,974496629754651 14,28483292310651 -16,42583372000087 -18,87281667003502 -2,827661875371946 13,63513235752563 1,499379360996907 0,502871507633844 7,679863515410325 -1,455892263231933 -14,20619807661912 5,687527162235826 3,661003715785806 -2,949493390862975 11,30162869208024 -15,76613578814193 3,993698646866202 20,44535907056456 -6,023814256152442 -7,3730823616744 -2,968741185670255 -3,48871907896433 -7,805212981678914 -1,633438537536584 
-1,300422500421618 5,244363631921912 -7,009380379924854 -1,266401196815429 3,624233175284786 2,398078120521499 1,275696309601956 -0,172193016173293 0,2032380647173612 -0,2795154800355475 -0,421257481510313 1,262271311270396 -4,188088674791504 4,092141110280092 4,370304217487729 -5,24515558745271 0,184513998210879 -2,050967106152693 1,838001540511765 0,9809690236680429 0,4005444681168948 -0,7887242570313883 -0,0001962642365052779 1,912470518668697 0,7822269752414234 -3,429525927742012 -1,716601781989107 2,827939030195361 -0,3056413594810754 6,037944919387147 1,188154707532372 -0,04149958029039357 -1,446642411571488 2,12190948997717 -2,473209955681969 3,75120609148309 1,287389111111792 0,4405921980200649 0,04853887820196878 -7,22651440674317 -1,390664938844014 
-0,21827850793477 -8,035017248318374 7,636712828193174 2,322318263076059 -0,4817146249252832 4,802911984546376 -3,918038051705695 -1,592528245394671 -3,007795590887217 0,158045502671078 -2,927420000205516 7,982999656974338 4,191024960921382 0,387599407616492 -3,882560473033956 -5,064782466447065 -2,847370013396266 12,35119619119956 -1,729013846825213 0,6852972400664611 8,377926771979029 -3,136052365315928 -6,215857527204206 5,65275716577116 -3,864335955284503 -0,7632603002048807 8,757367386040661 -0,4722185443949466 -3,630668433849513 -1,211169881147308 3,012997220691397 -8,291699093128123 7,886848515554478 5,415869480012524 -0,7217661037517519 -6,443847742960357 -8,894670233143803 -4,398377563655478 0,5949116624596356 3,862550730998541 0,01402653749050966 
-3,011485737529611 15,76748061396492 -5,151581130836967 -4,443858945648972 -8,045362573698217 1,877626275389528 -12,43849321582603 12,33025046749522 -2,800746553750473 -2,061489134548622 6,288600919631381 -9,58963000962909 -4,689593315182164 4,818308655905271 -0,5167004049523362 9,381774036838157 -1,379939162087847 -10,98610098013929 7,972699312517857 -12,37610509890182 -4,662444660709352 -8,43786965437234 12,22357935464188 1,334603987718548 -10,55576884787214 1,864602327221128 -1,260693571985134 6,940160751565431 4,01469814893541 6,855522608668376 0,197707547844029 -4,142705762410547 1,546923210469862 14,63098295568954 1,870323518048153 -10,0039742186417 1,096126559599564 -7,929739567637274 -1,010641815373198 1,552385677970857 1,463596840447546 
-5,418033611367036 3,57311620471926 2,640078361720056 -1,353385594981819 0,8423859943109234 -0,9857999450769108 -1,606749743612519 0,1918868640237652 3,012421858874388 -2,410378056732097 -4,437372279778389 0,148065702265047 -0,4039492546546252 1,791886993932738 4,396495465714962 -3,940277112732542 0,6601075624552737 -0,9409104105939379 0,3477986719801719 1,752421652554527 2,107144562115216 0,6479850451702815 -2,941378990723113 1,985698195111049 3,433543630329246 -5,056700647325615 -3,456333596275465 1,092871115984491 -1,91592800238614 -1,973642347893401 5,612846034128853 2,374398652471336 1,184865056861503 0,7104142138344284 -8,568592589850187 1,379838603786422 3,476179836604453 0,4195743363912089 -1,020991580573255 1,776371205916694 1,180968456286552 
12,19351008444723 0,4136404797194851 2,036917614157569 -14,19104466630054 5,118352580468018 0,3828193260359968 -6,573278930083152 4,135692503617377 -7,426056596799555 -4,483509120146132 1,834931536498565 10,42488648743682 -5,362301769166506 -8,584291718171299 -0,7215572195211921 1,54089200723907 11,83963421890524 -10,64028628542964 -3,040854237345861 4,943068909061823 -1,253321709463749 -3,348366617753089 3,277598491678865 3,927404891111562 3,660928114524256 0,8362233606270435 4,141673962749482 -5,090057561194048 5,663374012830093 -0,4543966450996254 8,146659040828345 1,618915286291728 3,645146552828838 7,841835957244963 -3,289996064366361 -2,032443170059421 3,749119586443359 -6,820301585460775 4,352367740773186 -7,701651661462749 -2,308404768009923 
-0,2530759902164663 5,166914921137245 -5,225352870968533 1,792643178283235 -0,7669440420201864 2,277415084597768 -6,476699209063882 -4,156744999284379 2,087420365458739 -1,074467540603335 6,887929490626934 -1,646987430574202 -1,498774454023219 -3,639864770773062 -2,892821733897966 4,529123867865684 2,45397977051823 -7,175070287248827 -0,2273587246004661 2,687424203124997 -2,292332332279676 -10,21129605816356 7,452090838062434 0,04135016345839095 2,028265325843942 1,766858120858859 3,619698715006052 0,5419570840958337 1,5674825194166 1,824557799100568 1,865998076848258 2,341101717495274 -1,73855481075401 10,57363660617416 -1,04427396753904 -2,974625473271163 -2,674737763572924 -4,449346215920791 0,02861235253188943 -3,322791089836377 -0,9332964758016615 
4,153552020933724 3,092450626060982 -3,738972437781301 0,3361354778592606 -2,108149493466366 3,834573138587994 0,3045888274849365 -1,724559947602134 -2,390338303159663 -0,04771747510306571 1,020352484869937 1,691070046496202 1,153955169300089 -3,807888454905096 1,046052401172296 2,237192752999533 -2,550433514995875 -1,707497503091893 1,074744935657228 0,9389681842998021 0,4505592140440902 -7,981084525921317 3,767690278346685 -5,041418421338219 -4,302435554809253 1,237612229428481 4,157316349835028 -3,191809473611309e-05 1,672975437751429 -1,58883216315855 5,353629131418982 2,912510724552132 2,313098721782274 -1,438376904819475 -5,714332496363888 3,426446306744491 -4,430886932195381 3,819543912002985 2,098968803194587 -2,26225149061251 -0,7547032878342401 
17,23714479661645 6,796570446721166 -7,497256741874803 -4,546384325459747 12,21338561934063 -11,51611397574353 8,378084570930801 -13,84650649907379 -10,31581064877452 -1,981954244292851 -1,08462455143752 5,394089599994765 12,28079778967994 -13,42052697821395 -9,413576984221816 3,909580166536307 6,211556831906045 -1,862958691936788 2,248155156478985 -4,020253864665861 23,34853584451198 -9,971561552819356 0,9005233057103512 5,855510663177856 -4,630295144633342 13,26761484638769 -5,551576156183253 3,040045466926566 -10,24595023813478 9,099405055522265 -6,597384862339084 4,018962008788409 -0,3682776910108108 -5,41815425714092 2,105300525003148 20,38740346882809 -22,35965184826856 6,874355686059573 -8,660104010625703 -6,250484674412466 0,732066852959089 
-74,67762738178668 16,90528182812204 -6,673326416520329 34,18778452560023 -49,51552884245451 -37,84055158453098 -40,79697172074341 68,17185674869208 44,37868702800466 -5,162856950075297 -9,226360130129779 -29,43308153525366 21,50941726663013 -66,13360372287626 -27,75252017302535 130,1661925167048 -31,74631574626613 24,26840287622379 6,393650033170997 -12,87417352126723 45,86137052964893 12,17566863204301 41,18926199377234 -82,87758564976129 -22,27656375923096 -17,14054248992235 -36,46882620576753 100,6315639576028 -10,77116273333582 105,9541325595364 -27,11782609254972 -105,1287778490819 35,56452066757861 33,97326893423283 38,39684255072159 -47,55436160253726 105,9698524230367 -91,38536930258599 -18,80665093776892 -2,615291625508852 11,91677304900469 
5,554530009480929 3,137462619180651 -5,183250822276214 5,359864669712907 -1,099460449272728 -11,37754798701195 5,053609426811533 -8,316143465156996 -5,70990506626449 -2,007115158034691 -7,866621554734427 5,949380844588893 9,933508348751692 -17,12511968950341 -5,878727211224919 8,204736319615522 -3,853577632806509 -3,043413264185295 -3,679339879114528 10,68180672583159 8,616735940041179 -5,533631316463991 -4,451924907140693 12,49512194148568 2,111969914310024 7,765170424953675 -5,802471501559497 -5,601518984064878 -4,274768982146525 4,410155539915507 -3,112032011487385 9,890635491627808 17,17384087757843 -7,042223141712869 -3,772768374478423 2,206970950706824 6,092318331665772 7,665196388832712 -8,806785502139055 -5,176587394919878 0,7228451055393476 
-0,803445274591691 0,4748862990886065 -0,7109451652418293 0,8391532247994736 -0,3195523911326646 0,7017064187941905 -1,531370529326507 1,004081044469601 0,2801284480427067 -2,04424546590389 1,032596650357511 1,768803787743484 1,635739465271802 1,296571374269535 2,171172979369316 0,07384618635934577 -1,869522999943117 2,743588563976837 0,4453197066901897 -2,625032980639654 -1,267503041168999 -1,586811505136894 1,798719793010281 -1,2502199269407 0,2638178409772325 -4,02767307631619 1,028060883509976 -0,1516374693507515 0,6505928330181204 3,572455358619319 1,261258438687706 -1,288529410270576 0,1068102455402099 -2,754959969800208 4,480062742445099 -3,375089233239932 -1,308355443285145 2,511998076135099 0,3993010933924453 -1,420621706470587 -0,782205414196693 
1 layer
-5,84177464624839 -2,143487059990377 -4,150440900519509 -1,003577775267434 -3,390317707283029 -1,90798259938715 -2,436431477227029 4,680748901557636 3,419863906823128 3,740230444548356 -4,065275300321301 1,756849084460516 -1,160016315884581 -1,885532355722178 6,73533259029815 0,8306573225094898 
