40
2
30 1 
0 layer
2,992667334096453 -1,096540815852959 -3,078411634946779 1,180390538828876 -2,779778742665074 -1,421496300742754 -2,120975923596662 2,330987773060302 0,7284374842966146 -4,695808406119759 -0,07695687807817798 2,963782163624384 4,384260557117274 -2,823585483796248 -0,3758956937888919 1,367292518051323 -1,739675358809151 -3,121874808163123 3,468404575639724 -1,895230265432329 0,6124230916232629 0,5745072960025813 4,264098564074907 3,635346054580554 -0,9238055413745832 1,54552451135765 -2,424975485113592 1,805781151996163 -0,9035367016058904 -0,3810982578764364 -0,4661740720185258 0,940880153418265 -0,8325324022290441 -4,254953182829093 0,1686269414711209 -1,240746855661427 -0,2463388268921103 5,391905086232198 -0,6459424102974508 -0,4507388407034788 -0,4515817644274021 
-3,012386800316158 -6,535990825010432 1,631495299012897 -1,702630944260548 0,140216613593581 -1,853671111130626 -0,2829142211332694 2,981867873412932 2,113121961321349 -5,860120252696122 3,451458361349001 1,001415281829612 1,519246289781377 4,131390310782052 1,512343079768029 -3,517639545657119 -2,587148358041979 2,611402496941761 0,02191949684519757 3,097979646680191 -0,3450243425754956 2,659781916774924 -0,7335970610985159 -5,73594980182303 -1,485332700690091 -6,545101456271737 3,922168568268884 7,03427976315214 -3,395817415318719 -0,7207437552494322 0,7169646756928577 1,595572778977148 2,954156513007291 -1,181448031841922 2,188269111654705 2,528520706300163 0,275575568367312 -0,8111922051152225 2,069012987499835 -5,036611288829555 0,05049021630114776 
9,878392921410033 2,688759176837111 -0,1841789891707821 -2,902937097037702 4,183795112571035 -7,685579094105627 -1,345177549037522 -1,060554274824049 4,234890506695487 -4,547929418395194 -10,64701521594544 6,435173442348302 7,462732454698466 -14,74517605194632 -4,42695560481737 6,867327791966584 1,601496738588291 -1,514406846686789 -0,893140766025875 -3,58400825534004 7,631616422877356 2,811707246066305 -1,431806124426312 -8,626470481411131 -0,3618616696628438 3,017435213959221 -4,780403028328518 5,109185304191938 -12,146582268127 3,669305193913146 0,6434713518093056 7,253362707891966 0,8616479208357386 -2,839759028032374 6,279377375081164 -8,055408744809379 1,151367591051058 -0,5263324967776457 14,26767887450167 -9,020515742104825 -2,900390807771033 
66,98261413647029 16,85099234439637 -4,731417256920885 65,67537632086542 37,06220279140894 -41,17570926033395 15,37408754603557 -36,35250837324852 113,5280395376433 -14,06746925844751 -53,21860564932911 -9,990257255241735 50,70830666861692 -9,995436612655613 12,11265502701977 -29,52671445729093 11,83891614051616 30,6704573062477 -8,021102338433636 16,75750962934866 -62,21530499999665 40,54658128673661 -18,67512036186348 -7,487660345897364 -34,72927278068037 22,876369126737 -9,030568534925704 10,90558014534832 52,42861228849285 -36,41682220932599 -72,26600754152028 71,79275383005057 9,033435936085546 10,39736050846673 -8,010722167658255 -13,3667591108616 -54,44803955868459 88,08869216756275 -72,63852677017044 14,4138065096525 -0,5938478241529939 
-15,9723382376708 -5,155647313163442 -1,168161784134965 -1,47534558139393 -23,23063395359471 44,45711216529379 2,297239127995661 -9,145054942149978 -10,37578778920041 15,26014438472464 7,574336384421881 -3,218565992322824 10,42255735335378 -6,657276846204799 12,04456559293878 -28,43937976069881 -16,59404240912079 9,859996672981381 -10,52853822749661 24,85120840433471 -20,58056345976835 -12,34041853283246 4,218012680342045 3,006067515617427 4,531065744696355 15,36961208281455 -2,896811821649733 -7,998377025521524 -4,420691520678743 3,040640094664881 9,099864024263823 -4,074023680602354 4,570260377491763 7,120470930583331 0,1665556379840411 -4,531896602595052 -14,10766136973264 2,63043021243208 4,814882358279484 2,110277973865966 -4,769635192882294 
2,781342325419481 2,983332697670949 -0,5723739360151906 -2,616736319434106 -1,213346600810006 -3,540154385794712 1,811808620637426 0,2635143797933573 1,101730463711101 -2,420077786663383 -0,06506030953371081 3,054314418107589 -0,9821073328096206 4,793957859460731 0,1186843828486274 -3,47507000879588 -1,063586030100438 0,9803093943611874 -2,00584303002261 0,0623567618275552 1,380681131085262 4,92919798065935 -0,1530423161757449 3,649454173507441 -0,5781711139427947 -3,628395643432059 2,168165777876057 -0,3169282240776482 -2,104574931268125 1,261370472150787 -1,12297899615291 -1,554109982626258 -1,196020528546589 1,381635497404287 -4,024040480945884 1,107655576992268 0,5840277029656117 -2,224152753469727 0,03497634206004797 -0,7745142327980163 0,3477633238310189 
-5,582780379423387 -4,266664158614589 -1,339024995291244 6,001028519983057 0,6689560110562731 4,94063715730701 -3,180806805751489 0,1920004782744097 -0,4041989859224587 -0,2194172421918777 -1,855282438338813 3,599842564652232 -3,967934055473383 -0,9239885947263428 -1,014350192333933 1,05851080748562 2,660855269621891 -0,8360104033762271 0,4667482983679946 -2,530379692464178 0,4796108216020235 3,238195299787946 -4,034592507446523 -0,6888855926653052 0,4625838938598379 -0,5827093733522902 -1,523153760670419 -1,644906011044348 -2,117302853166893 -5,432698673027158 6,945188431905519 6,879698666521144 1,663381415887186 -0,7837634235569658 1,07515671534938 -0,3821264755804986 3,038026213434376 -0,9311773117571016 2,730703860125542 -0,554701151168715 -0,7005546287663644 
1,657584530632109 -1,721837236492602 -0,07897119553870183 0,5243352605152507 0,1824615655997172 -1,739470029700998 1,754722402129262 0,9970785727874523 0,8743191633271539 -3,099410708852388 -0,4712893172581977 -2,929280905728432 1,661577567782005 0,475623780970564 1,117226024200012 -0,02714003907729402 0,4413747626478796 -1,272853258439234 -2,384408222804763 -0,5168396451853674 -1,482812468477442 -0,4379158455418598 1,5661272614972 0,3993261709153428 0,1768687817812477 -0,8888024399272973 -3,6728429285007 -0,7593169641973857 2,119596776087528 1,439757665985607 0,6197568798098052 0,6461148996903988 2,208872671341606 0,5706304663633591 -2,538450418675286 -0,5041283386393358 -1,12845082220574 -0,4144275024173026 2,731851537600551 -0,3105709526826513 1,000898602501057 
0,4222341538232371 -10,72260212275829 -1,916857327255618 -4,92426272736188 -8,682550561660477 20,85745622731469 9,633946774872495 -27,85854754659849 13,23112817387839 11,67081055670221 -16,48458040636547 9,52691790352733 31,06458287132473 -8,192241249184548 -0,7195328673648685 0,2125043307952196 11,34455471468964 22,5421894007255 -16,7731495421633 -14,58973826841198 -15,78712240401006 18,23785617022878 31,86325063447762 -33,33873322859909 -15,67688662421991 31,94289033708777 18,26484286415739 -9,06568467143704 25,27463153231698 -12,67879369986309 -15,23725213270956 5,562955518014587 0,4995017870504329 12,70081456514009 -1,487236614853104 8,782122151836361 -12,77863114451744 37,6464824820475 -15,87648757382736 -11,90235461337069 -4,55390130439887 
-3,506002196205793 -3,428357794713916 2,211590064745808 1,490915126726089 6,224281263348318 16,11172878729482 2,080647241098422 -30,29254799850125 20,52808789379864 15,73115838240756 -22,14862713150412 10,7321574266227 -11,64232281508953 5,091243865945236 10,65551515824582 -7,730351627059661 -25,81081176316479 15,86077773191676 16,54871350520502 -11,50924769410503 -8,227479952165741 -0,5740303480945117 11,53141527314688 -30,08491501766516 29,39716865010448 19,64212628323229 -10,70501277321993 -11,2821338948806 1,961341172591778 -4,959311074370364 -1,865734071373778 14,55798410477181 -15,86957999989824 -0,3735532026801407 0,778554845511149 14,11894127513518 -12,10559068324304 4,812387349768875 -6,666787691055226 9,854682041810248 5,654120472192611 
-1,915419191483572 0,2567302763433472 1,37253946453636 0,6784725107654057 2,620056898419866 1,827894613024932 1,681919561987179 -1,778175248347837 -1,864659308862294 -1,385175613469156 -2,395669078323094 0,8983510568398141 -1,933250979719586 4,968410644840459 0,05975849693794849 -0,09251820344919277 -0,2401107509256762 -2,204266685725402 -2,627661905612555 -2,2308170789555 -0,7876063294691713 0,5548014689477421 0,2505683885845006 -0,9009141009112736 3,438775100602244 -1,473027047428932 -0,8412527762642644 1,283040031090611 1,19151104399144 1,105418425744705 -1,443807510551552 -1,213580277712101 1,870266122284736 3,541900178410892 0,8920538166303178 -2,36426385607266 -2,429482687274551 -1,541178140289524 4,048783269541571 0,4252564114367873 -0,7058656364385806 
1,999682817006034 2,604561337855496 1,540670590516915 0,9269691344682173 1,025128620048702 1,746722376952152 -4,524789860636935 1,821377651887298 3,333997534318481 2,206291416824513 1,10022389707039 -3,060145424937136 0,197168684797989 -3,638749504381762 -2,22104958597278 -1,189630887894452 4,40813785297099 -1,908375493183815 -3,795695118408219 -1,174479681174502 -0,7573908393896562 2,325081310763393 5,641245075813578 1,02991158264183 1,64210761889211 3,483052065222053 -1,664906803787213 -6,895183600352892 -0,09513606206147014 0,6432037631453494 -1,174682706395243 -1,789808056617905 -1,035623412335711 -2,368272920607029 -0,2737373430672268 2,364923929726562 2,289063358860751 -5,668534044599459 1,667874080003185 0,8946882086333107 -0,6469381886021465 
40,70926389535948 -69,56649538439741 -34,29741719367628 -12,3669074956228 9,911938611876307 -13,39890298855061 -16,50784299322918 71,30184999095776 43,21330843730903 -15,85251958889232 -60,71777871737162 19,39273560618137 37,5138245433381 45,75364781926809 -34,95541462139659 59,82957382062391 -11,16583925196081 -18,6403965321645 -19,14245936376011 -14,6998463321183 37,05911670464678 45,62136138003792 -17,59960336295801 -18,41871969662255 -6,387968099959805 -0,9169085652673553 14,42240958791051 33,6508161132626 -14,58998754711251 3,848117984411163 32,17749914680828 -11,32238323071234 14,41477771449658 50,77505763981338 -34,38640061947351 65,82257156085531 10,91533005476089 11,80790889835254 -18,63781256730142 -28,96830188449608 -16,85940295368929 
3,577836898345589 -6,420370726708612 -5,027329513436738 -0,6171254447607747 -3,244287131086834 -14,86285281166927 4,52254735101055 -2,301435615000971 -0,01302656140262867 -0,0882967663677964 6,744873316160025 -8,762267497502235 -11,39456237469103 6,146913025376314 0,4267708915890303 -0,1090084901069671 10,38624419189252 -7,968640245624625 3,120102385217997 -9,855378151206827 0,9843925995182542 8,468626883059608 8,628506911662321 -11,20276904029404 6,524867452617321 13,74670164832601 -0,2491506258901882 -1,894691099831432 -7,559642908101608 2,141440449862344 -4,787871349319968 5,11936014063448 -0,7183411151439061 -2,188414274759226 -1,585678949852749 1,597160213529563 4,079880174490326 12,79723308608912 -11,1571503187016 11,80753751447811 3,078171809030881 
0,9819987628691839 -4,078980031082556 -1,925279600966675 5,142340848227985 -4,628051871847202 -1,985187422866687 -1,682747982650004 -1,980510214542631 3,984157504880781 6,074196251623762 2,652425826274118 -1,17736592934644 -1,190344569885406 -3,393931454410601 2,411266766840722 -1,461952628490456 0,9148472119118524 -1,175829680337311 -1,228478788060225 2,739236981922896 -3,505397759767675 -2,933039078483662 -1,095269826377765 4,59089955824966 0,3079739535378569 0,500171974697457 -4,240790646741219 -4,620593387982469 5,800506787183776 0,3229725019666941 0,5810422183626885 -8,093110161393083 4,424633633225879 3,671981457281348 -0,4786217528042335 1,631977699617153 3,441083046431095 1,285081871075477 -2,469959979312188 3,497714885701112 0,925793577466182 
0,5527912232931323 -1,99902395620412 -2,454699708408722 3,856549991508433 -3,382992518473598 -3,138838965025962 3,458333940041159 -1,902953417208356 2,6734827995903 3,993259977536812 -1,072439107107296 -1,894800238113946 -0,03533613947720324 -0,8045519863258532 -2,712686116561404 -0,7544873999232589 3,008809055171376 -3,131813552010595 1,201377335703822 -1,426135380339345 2,322660412815094 2,398002900627997 -4,776608902201968 0,9755640496140535 -1,926214540506382 0,436644140947621 -1,216514165634896 -0,8721676595389474 -0,02287258749403539 4,09988448111021 -0,8049333627918349 -1,960974027914136 -0,1982826358793673 2,823404392021036 -4,596279866226419 3,767449059828218 2,405647396990342 -4,291967999976219 0,7815183447223716 2,77818451962606 -0,3815879832098115 
-0,1809837582525649 2,590695311424752 -0,6859938009605404 1,254023601442444 -0,3662720419222177 0,4550556452908652 -0,3757259050259113 0,2889067826021053 3,225181384819759 0,006756657612230816 2,085720670628111 -1,970412382529237 -2,114716706130074 -0,6378092366813995 1,648164093047006 0,9300884689506352 0,09737702132782854 -2,261932331269984 -2,26280205773547 0,08781500077432321 2,863705921515899 0,9092401695573108 -0,2233183318818141 -1,398583723342792 -0,2679606411627516 -0,5634488697340273 -1,495290696184085 1,684558040384531 -0,4894605176984966 1,422749547766522 -0,6668811803275099 -1,335343456079112 0,753143323140895 -0,564233817065657 -0,932259576107071 2,068503288433666 -3,556488282181737 -1,637612866646065 0,6941404956615972 3,176492312022728 -0,2385680652781981 
0,1786477158277459 3,71683747237837 1,632527988895556 -3,933199974329903 -9,607856994855956 -7,888900652539787 9,321083502149033 -1,128427084218632 -8,453038691903256 -12,05799756252121 -7,375210855715149 11,70129754538395 10,21192822981778 -3,444252739723443 -1,481835641177034 -6,963286620893605 -0,5982410204417056 2,136973241822756 -0,7565283455471419 8,931960543855775 8,9044575542475 -7,128678501515211 -9,72502411136715 7,038561540039683 2,420571951423359 -1,794918194811917 -7,436428715333066 8,339097977237568 -2,853769559360329 -4,961038678809911 3,632835950957671 2,542068546614441 -9,03103932105318 -8,080512875212197 9,677147281127516 -7,732058957142004 2,187408834153125 4,186713406409735 10,73331570805428 -6,872430564987821 1,718674086448427 
38,13938538771608 -7,022914379478271 -22,43000035853985 -10,90814330828082 18,24114013318823 15,82610509994047 -11,64000832110104 -20,07431142056658 -12,16467994924942 15,12080343684003 8,393867556941384 9,080765598347281 -2,615481288879279 6,043670354711067 3,729471949376739 4,532728929775439 12,66031911762687 -42,85852706694047 0,5432435930275966 0,4612608117668757 -17,4284498725926 27,57013319201095 1,923626428774878 -19,97793545572291 23,15450251584424 -29,98704356581987 -5,058301003247878 20,79223437633688 -3,30550936364986 -5,464493338853352 -10,28880576016564 9,985351288442381 -3,682631774371569 9,111813108528574 -34,05380131506013 16,33038290426326 -4,158864484678699 8,71780095938548 -3,948215392861691 4,973376321214412 -7,933227570545581 
6,611007432872857 3,162055806710637 -1,10154783112206 -4,740820050533547 -4,260019675702194 1,917896855628875 4,351184222077369 0,6892324904218682 -0,2041611138421719 1,329043362057396 -5,652120279769722 7,204947143284183 -1,497955823634724 0,736342585598451 1,649566324513096 -5,279152872963366 -0,2332722244367627 0,6119200727335724 1,970155287076366 -4,651463776702082 -2,049576787941537 7,556770884733657 -4,562012277346696 -1,233686633253198 2,840063452577841 2,498705878012169 -2,588458898886317 -3,094209905176467 -0,7793372466027099 7,169124462886844 3,85830386798117 2,896319201024806 -2,27156180477715 -4,948761249843026 2,497220336791731 0,3823149307489702 4,797399541594548 -1,362249993149911 2,963248694554845 -9,458201018344159 0,9764888812627426 
-6,4872038173544 -11,39540564787094 -6,020713766190595 13,92369538031524 -7,311680859561881 -5,816358638105757 -2,259427271884926 13,67656999704777 10,25367882396093 16,69569257323795 5,044263312065116 -21,59023552692216 -8,214552325913788 13,17874562999508 9,020273349450246 -0,8190569448079199 -18,34783030689298 -4,972850664936777 3,37423567329463 16,50849264685381 -3,873107527746067 -11,28688011862986 -2,879609234801004 6,777142158220362 -1,398279838229964 8,037079445395594 4,427170048296791 -3,574460948304184 10,40676391932979 2,872618059054701 -1,256327806720861 -5,31877396929792 -9,905796702041062 7,460969791765756 -1,028588432717558 -8,436650694536393 4,674018855428793 -7,723175369711933 -11,63891750896497 8,944358154262103 6,972734556455679 
0,9159367959212442 2,066145748612631 -1,974646820354007 0,9621134126485327 -3,433005028797275 2,452041300389256 4,018237200307619 -11,17364785470573 8,565383745479899 1,911233403421298 -1,253128473596741 1,900679309582062 4,868966635325473 -0,7703611580235739 1,327742724137142 1,40369003153309 3,871621740578733 3,385572263285454 9,885057249920223 -8,615976823387246 -5,284480633992284 7,982811067738238 -0,5480018521014967 11,25283823835908 4,128731278972262 -8,175376693277483 -4,468233710881679 -1,233552558949583 8,602317749440381 7,351515304176322 -0,7372404685457726 -3,882979282597341 0,7009609515651293 -9,440912080067017 -2,959668114924466 5,401562665627791 -6,477236237077405 4,837133599431921 2,727044906992849 -2,547887757813825 -6,234392684774231 
-1,470116079791069 -3,455258387632192 -2,119353801485774 4,762889183646386 7,104640445409554 -7,495001167781766 -0,01970349920053636 -3,682034389135922 3,234886513007147 -10,99323864523394 -0,5918075545308712 2,420548756320761 6,440460517131961 -6,174542686430073 -3,736738573538389 3,259300932009573 -0,8175230197147191 5,273508262512578 -2,835550698511202 4,650211092060953 6,213363558418479 -9,170889229733318 0,8210377121258076 1,844287778300068 1,283100510138535 -3,334792068700299 -1,100535694954453 4,601078560691524 -5,05173175479467 -14,02313489386891 2,256486417327653 3,213619904956449 -2,125471096770276 6,430921622081051 2,377175767691935 -0,9837554815346177 -1,631204647569382 2,844994073933995 1,622741107870676 0,6079204546907637 -1,262756287089173 
4,223244858255414 -2,11755782874932 -0,7974712973258956 -2,726370819699858 3,049497214779073 4,516148436761962 -1,614862558958092 -0,2769080574512097 -0,6930743884211324 1,265477046131674 -0,9594865442063476 -6,88568337464595 2,276006132839583 -4,698454062128421 -0,3261741016278917 0,2146010430807017 3,527395950162362 -1,636768998888235 3,248351132205067 -2,620098749344463 0,2588565639411526 -2,78815789521395 2,207090536714992 -2,681084487870798 1,56872285008619 2,068326005544943 0,161432920827016 0,8993895805396898 3,247376422244597 -2,418190413974715 -4,551825170645318 -1,774256433425677 1,983846856197573 -2,046812280062965 3,814956607094808 1,558408069986797 -1,968868418881344 4,252574164511902 -1,372558976379748 3,453117292716135 -0,08428095080860923 
4,289002738430025 1,213182485811148 -4,365128658992543 1,140339166085802 -9,568035646074749 1,860074690252288 2,374742672218618 -2,633463383447851 4,072228706257054 3,729877357261701 -4,422741547527655 3,69971557093054 1,825726905775642 -10,14064123485647 -10,58437615460056 7,733947296900342 2,04100960484938 -2,605123641448826 3,013930143193272 -4,726143982652478 7,047392018186063 1,018497588037315 -1,436681889255714 -3,760315740480689 -1,492717549255312 0,1938648312482805 -3,462288828120476 2,464245646399547 -3,731228218394654 5,437631781303357 -5,50998492683703 3,801636312043275 0,2586413561663671 3,547444838238119 0,5444453361605294 -3,749681186500129 -4,813795792277446 -3,183743925145628 6,50817792305821 0,6919508383557864 -0,9548495699858862 
-57,23324351422834 -38,67510266646098 48,59866144859122 -2,270139164352887 -2,456533569529939 72,01305579994684 -7,504520385575656 -9,910995522313888 12,14919053377937 -40,47763725518901 27,80875227765734 24,80700490386497 -45,44161194795253 75,32840182092836 -21,33017788511233 5,199022485238424 -11,01460842176268 -24,28020506901933 -1,738051829760199 -35,34655016807231 9,751285284282636 69,93175161792385 -27,11758226363022 32,63563443148673 4,643383502533844 6,914582401952523 -5,769850263447334 -68,59403540421762 105,6658968831995 20,63588565014814 1,291073462105167 -34,19619076158072 -24,16746119628652 86,10417238049281 -46,74396340948712 56,69098649092668 67,54373030117365 -64,07044879930906 -15,73894001966513 16,64325663400131 -5,244698091580002 
-1,914061139574855 -3,773281735687455 0,2591262441369569 0,9435498638613499 -2,069753796238523 0,7900410184464224 -3,121393662964317 -2,179346418360213 3,426495482616054 3,132373665919048 1,345076998642737 0,9331897645120526 3,297696481934025 -1,450216143117977 -4,08311183821258 0,7533506215669457 1,170883623476828 -4,585929472266378 1,745722251555772 0,1166502338559717 -4,990210561570247 2,882342355069698 7,052810752336099 -1,799999778432421 1,395722473508445 0,7473156138174495 -3,90437442323199 -0,588601976487112 3,87796678624234 -1,987953641545298 0,8259819182710322 -2,071414739131497 10,48011432839055 3,898122439101369 -5,147387069437723 -0,4551465448073154 -2,618971784694982 0,4278182558490689 -0,6312781507215784 3,87614814540755 -0,8122157375801026 
1,978598184346411 -6,22297748328061 1,151218438649527 2,158210166407188 0,5936052480264151 -3,538099143904868 1,230606417170256 2,433195169631007 -0,5291594341790493 1,393883494530233 -0,4708077899329307 1,218397964438643 0,27921210882347 1,827076784118901 -1,196846960180937 -0,2163312355456688 -4,758186517572424 -2,134026029201325 2,280545088658931 2,877738220179406 -4,011644841101074 3,629763780645233 -1,860000242783337 -1,833656905139672 1,774207810302334 1,594838259648793 2,293846540635353 -0,7584684325292117 2,387780181824949 4,407713490068582 -1,51424025289286 -1,808074885357438 -2,719741518456325 -0,2591245327671605 1,872754499096112 1,61858508099295 4,33289255580013 -6,407268730360583 3,68107651307109 -5,840909712447471 -0,02980518801332099 
-0,02006887887212112 -1,734443735750503 0,7011204968616748 -0,2788369050007595 -1,326942707695696 5,865587206546344 -2,547553038848046 3,936102474624664 -2,985138132869127 1,020929706481875 0,5426561332853584 0,0138425343315561 -1,598074485095859 -0,8701969678361463 -0,1394320463587678 -0,4178538162861596 -0,5295465649839463 0,2627225606576981 -2,478377989877477 1,215914103177882 -1,2565642226535 0,6286369953174983 2,532957463819353 -6,642967667158279 -2,334142823910717 0,9526165882565227 0,9721553052647706 -1,04287216626683 0,5213999116076398 -3,334062093167225 2,085940832782984 2,17878157242922 5,113314763985938 1,79221387643547 -3,969771495140443 2,867412650158468 1,286658362684311 -3,368099148886613 1,507755515426055 -3,076141014812967 0,1061895649987111 
-0,1617616687404068 0,6737423591695433 -2,831852800843774 3,966846325509123 -9,465448596065981 5,089633625602501 -1,354169142648923 -2,507303596943184 -3,259352508615966 3,258547278962619 3,732862349830802 4,367727241131397 3,98505422735533 -3,033219636859846 2,511283659005491 -7,284718045601489 7,070967192227469 7,067386757694729 -3,004920398302946 -5,517582336971071 -1,170077974038201 -7,081148930596975 5,373365275344923 -0,9803538339937213 -2,192278862616921 3,457584030654526 0,3016220983421222 -2,552407392044351 -2,897057852550184 1,649271534441463 -2,095360023601775 -6,062179011482223 -0,9745505462723093 1,098117768747823 2,828835710948414 6,356786678288028 1,463545890241437 4,036576842271899 -2,302031673809234 1,2460892997713 0,3469014808831798 
1 layer
-3,211324781069714 -2,740592315916243 -3,525538138174619 1,396502974271743 5,358997793438449 3,968330306565885 3,432785451040367 4,430683043890689 -1,874721027669717 1,817830761840157 -4,774264368686589 -2,705952872944794 1,520395432499208 -0,931610261389863 -3,248459213193323 -6,572152910330503 4,693591811691859 1,78228364745719 3,449770416681166 -3,656850270442021 -2,47175907574289 -1,794132103600224 -2,826253014605674 2,881268661756565 12,53603783187161 -1,641829695929721 3,416919625803802 3,778682871554667 -5,320436199711811 2,249690864559153 0,6714690593305308 
