12
2
12 1 
0 layer
-11,93816649818276 -30,86363365215042 -11,22891038302378 -22,90655504651253 1,27790213144037 9,726108805878326 0,529044242767678 -1,12696654193425 -10,8040654727209 10,22317950017734 14,25460728420886 -3,504969323585543 -5,067048376823728 
-497,1652141526693 1153,24685827203 -368,2840026770698 -114,1383002419843 589,7076753540121 -816,8219073910196 -269,5753347565483 888,4736131901875 702,0977796093191 827,5901468953083 97,73404376195788 -995,4832842988503 -72,50227906520124 
10,31228609249562 -13,4679133712578 -1,24783126622905 6,043815518723823 -3,819436203217451 -7,494611411423101 17,43321031859365 4,238386815797276 -12,28727673335242 5,666054423512939 8,456097923755385 -16,3156020788145 -6,689766346945865 
13,53250192594331 2,386009207537343 -15,56521073182338 3,25567119692363 3,270562372356405 -13,42473101287575 -0,256248838915992 -2,991736286495361 18,9248359073642 4,68919935000087 -6,817308432143839 -2,041733085946082 2,152787566156324 
-19,74565166553435 16,98782307736776 9,250794289101941 13,76569312440851 26,6904005764299 -19,30283393264664 -20,36036095194485 5,886801504711125 -1,976885315818645 -6,806397679970644 10,56790738241143 -4,552746339983906 -4,146226888756479 
-1,352276003510941 -10,32786899603617 -1,003983230529949 16,34638753269235 1,618379948748033 -9,05557057874325 14,05455642962787 -6,987183514014119 -0,6086340250924276 9,633733845290507 5,774518855697056 -13,60884666722484 -7,743139629420517 
14,08344349532493 -37,98899588875139 -0,921184455167561 17,81976493745515 -1,71078233042857 5,689211877057747 54,89005658343603 -39,09995446046497 -15,46792687724551 -29,32527317848359 15,83536814215853 -11,29226782344355 -14,29831354903407 
-10,27250805311728 -3,139011941241967 7,215953889327769 8,972258667675604 14,32238644439216 -6,70085548614456 8,758122691455959 -13,77598568145896 3,644638362004806 -0,2659942649466675 2,37192039137574 2,328501039223072 -5,571888260287917 
6,804475066833945 -5,058448479176748 0,368539278079957 -10,79557493778137 -4,878294471762507 5,462464465141135 -2,902997053661808 4,277936391041259 9,154499616902836 -3,516418061391593 -3,787671580722839 3,723550249259824 1,014642945457358 
-3,413335362184601 -3,121917397117042 5,733027564307399 1,94851309575409 4,343627338930156 -5,658176048537596 3,07592201035479 4,233063683679355 -0,7966361593348101 -0,5972814396051593 0,397010955301747 -1,793130278548014 -2,663469403937524 
-36,05618744347555 -18,21592763608032 -3,972381980748356 -8,887390480048126 -11,56127833900608 6,352369123956588 8,602562998356747 -11,30349399698811 2,708078469369741 4,05429042523626 3,833385333995506 7,042250659744953 -1,875749230805601 
-2,605244338251852 11,23254934037489 1,611094952256414 5,545982536902168 14,94256447610842 -15,92909551597241 -10,18184669371988 14,80762584214898 -14,7651080263986 -0,4914628421364958 5,465781960671897 -5,252947441356468 -1,951098280523907 
1 layer
22,73436317823607 0,2466515096525841 -14,66566588870659 -1,586602691414748 -3,387847705567216 13,9458611221308 2,319631342907438 5,10398606361073 5,542741833066152 -6,449725108565499 -22,77030253928565 6,731251827077528 -4,213407841296066 
