40
2
15 1 
0 layer
-3,065505142651074 -4,642466023847316 -0,03288834974227164 -0,3672993360638534 2,666619916832833 -7,42356668174382 -3,562106334249052 5,082051178405528 3,229555154298471 0,9135343757012998 -1,919868151836086 -1,562004239333898 -2,00322477929334 -4,503277637509469 3,866073343053083 2,164690151833597 3,771551894600166 1,191032351906239 -3,898309074746527 3,333419503961758 0,9018446619127708 0,8882481894284533 4,434407666607978 -0,7668192498296064 2,807494930121791 -3,493537903109852 0,35081220322109 0,7630427040916133 0,04487373095657496 0,7901465908336497 1,408606004458622 -1,501502865529154 -6,020540496407982 0,1846218793362688 4,49713493339235 -1,570170943647591 2,140976098526635 -0,2465759541478189 1,436086975767703 -0,07693762316851885 -0,8734596895989065 
0,1527337375385784 3,466771400300438 8,205200323548306 -3,450609229266625 -0,4672353109342968 6,562068611233768 5,094000846426783 -5,256473543731224 -1,247889833039872 -4,813158906846003 -6,386892837457328 10,42754950070618 -4,88853817690916 -0,04840329315564847 -6,224449058415624 5,929879493417106 0,08569024939344019 -0,7903288737297387 0,7888528456012061 -9,542497706402397 -5,247178617115281 6,211468892320029 2,85343351424727 -0,9607976491496526 3,976823066632213 -4,778421640119154 1,805319723990708 -6,862211313330966 1,65909951857215 -7,210268554427064 1,552146681572343 9,331893626057527 -1,287803714716409 0,9783281329421019 3,105949034578465 -5,084511276522556 1,658783079389479 -0,698245348509685 0,1383571800625956 -4,529885734600069 0,1382869809527175 
0,656522565281071 3,659226982672013 -0,3402167499770638 -0,4839355095629164 2,632048805769056 -1,246217532729024 -2,722821330774061 -5,205114080956766 1,793908224108192 -4,987631533455279 8,751257542312448 -1,232077614044145 0,0342067054026268 7,573817426902616 1,159492344250794 -3,526144852200269 0,09172416509201731 -2,823218845813356 1,867214768429999 -2,03609560866238 1,755169905081365 -2,313536095696626 -5,570925391789265 0,08356855617227378 4,81216402686769 -1,161107563250505 -5,037790062500153 2,742235100662545 -1,246557028568448 1,865688777815761 -0,12164539914386 -2,338304371087017 2,98505929811666 -1,825456721326796 -3,709497511211114 1,788514694420409 1,979476992151554 -0,3357347533606894 -2,450479855657113 0,2744040792087893 1,430233247082794 
-1,216695305021757 22,97650566801432 11,94422803561767 -9,980569637469289 -5,303558427349617 19,2178377502063 -4,254691695541755 -3,850314871749524 4,093816182718325 -7,810141270019898 -5,845008009310756 -3,443348743645961 27,77499310495965 -0,5498453879201083 -7,839437711891867 -2,456149747837924 -2,453648458455493 -3,940427190079212 13,67611990535178 -13,53607267340728 -17,66546632129525 -2,482824574991478 13,01261039163247 -2,004287607884135 2,154315305138257 8,05748709397076 -1,718545470626763 -12,24843761829589 3,691411903876423 3,779778202042525 -3,207733116087716 10,95029968638477 -15,558358232978 3,828073129409678 20,68718857148982 -6,366794247625891 -7,055522500748126 -3,164203302433492 -3,168279501044695 -7,806570122593268 -1,410971958907243 
-1,36225261879198 4,837532778393503 -6,573897785635612 -1,114228902894305 3,267292644818683 2,676058137320637 0,992519797070294 -0,1013230939549176 0,408366044654067 -0,7995761407515661 0,1931675642503606 0,9160214415556377 -4,2447910503599 3,667559255958647 4,132289487532731 -4,589320039226459 0,5841663354396837 -2,168171282021937 1,279178616149303 1,13220478356827 0,5071435565582323 0,06522049713628654 -0,07568736997378678 1,81116237529909 0,4122952605525257 -2,768843612098568 -1,761795851347687 2,342934887721866 -0,3448438275091815 5,92240283961626 1,248939295431158 0,05011487936053063 -1,313359817235219 2,259669574410174 -2,469755328035681 3,499789016929704 1,326783749027099 0,146746442192721 -0,2771130603157913 -6,828575241452607 -1,37891527763 
0,5473300251239779 -8,211367366535301 7,442479459962658 1,768298039467316 -0,2660456628978267 5,161382737565871 -3,979964408593174 -1,542791306392127 -2,602430178409211 0,1779532307770025 -3,061027709091305 7,477304277019566 4,072248222744578 0,6345829282769034 -3,959521977816365 -4,680897244572203 -2,684183218526667 11,46766167130939 -1,359622757343207 0,7294541604507461 8,026845261944288 -3,372802183436206 -5,971836417634051 6,070832069375516 -2,92644966715157 -1,088690249710448 7,888942044535448 -0,4582552241846058 -3,925848062815315 -1,121958135800075 2,885707965217367 -6,983768978153442 6,52653421975214 5,645060764456048 -1,074386922666855 -6,070830622332283 -9,025505411566211 -4,480039285853464 0,6774363288063309 3,948509553527839 0,02735972141016212 
-1,743579511951812 15,00870458215865 -5,188747120013329 -4,905074569022743 -5,697439582667179 1,287560705286293 -12,03741785457658 11,01658160652554 -3,412587864395556 -2,151648693178983 5,617501555456848 -6,833826558527012 -5,763580030501357 4,580903273377184 -0,684921739884338 8,472941383539247 -0,2646653209656984 -10,67149541085051 7,987583087129682 -12,14831975362846 -4,714671866052963 -7,551477026498712 11,76172424183619 0,8411893196271647 -9,47630670584461 1,456949736556141 -0,9109746748572904 5,969979603121144 4,709512751862616 6,814957619900476 -0,01968987504791005 -4,055505808704295 0,4435858110232104 13,83054589106786 2,938235003721141 -9,493360875793876 0,9332043155267767 -7,492990240867369 -1,32092099838074 1,1284973127729 1,006521116013496 
-4,707215587468935 3,831145524591543 1,925994976211532 -1,335152947354127 0,8495015292790016 -0,7997956516943778 -1,692251226508219 0,2291181977403483 3,032605183451323 -2,706622986157287 -4,547997166587288 0,2652628054273574 -0,006196391923797043 1,350986340878916 4,226267499892214 -3,795908557753673 0,5602767123797269 -0,8947905882666874 0,6817811687823351 1,594700966419919 2,026907441952603 0,4876962685184115 -3,295064978983929 2,145329274037594 3,556736546493036 -5,540574638190015 -3,081205205955537 1,188583976119346 -1,384199923488759 -1,756697454826529 5,386591451604821 2,325312631894366 0,8357135211354118 1,141350335183612 -8,059860279322857 1,015491348325091 3,06077832959874 0,07027913149734855 -0,9100073852704451 1,715993510851662 1,244903745311092 
11,55692003308404 -0,3387772869046758 2,320941621598633 -13,16419612415396 3,794556873296118 0,6169288436622727 -6,782333211653318 4,086712594772748 -5,085211510458269 -4,629913543914485 1,028858228988718 9,176855868885221 -4,32664813496657 -8,322873856578095 -0,06330212100686464 1,00082186630271 11,32680775990571 -9,634108369794275 -3,298809345767691 5,01456533573657 -1,59131155946018 -3,378599333582849 3,424219242739064 4,066598163276304 2,848798139004352 0,2596323729767455 3,847780337031935 -3,453804467586464 5,418492070279185 -0,7787226456066451 7,934565899809299 1,314008476498771 3,70761003090107 6,873079757120723 -2,478838568680783 -1,511143464460359 3,074639413708587 -6,433852479382936 3,554167159195472 -7,422481504505528 -2,042336233540228 
-0,3238568033806719 4,441075840468762 -5,024939771718343 2,199504938526315 -1,398368611409195 2,080402799247667 -6,512301533522258 -3,869407823600943 2,562313368329108 -1,076723074253116 5,982617498387858 -1,526621434473454 -1,639692976040651 -3,240693031885279 -2,208277210733771 3,435756275757348 2,571259202240934 -6,505378688992764 -0,3640398085928094 3,102725450591406 -2,411057905178541 -9,82249926831814 7,148990559797218 3,499737587193661e-05 2,342035832038937 1,056307820027396 3,584931032544673 0,9261115136449801 1,620400456976067 1,537090715287188 2,044379031744896 2,266962985551138 -1,779036099410188 9,932295391951925 -0,7403588005854189 -2,731347506644297 -2,486772251703085 -3,951758698851359 -0,5419130994466892 -3,420554601298727 -0,780411110466789 
4,175811219810601 3,048168605080177 -3,879516222531335 0,6961536218141867 -2,070906129461137 3,767881003664291 0,325830579098714 -1,912994741900136 -2,230766127828996 0,5572652804552019 0,4111671587740597 1,652193875001462 1,073200420320134 -3,96336594643195 1,227969294817838 2,004697403523497 -2,269665573088238 -1,763067160432032 1,178050003741474 0,978098016734776 0,5894107950609826 -8,148978732579021 3,411135202570145 -4,744192768744219 -4,241983977065136 0,6070479219123116 4,094019413818728 0,2957114954887439 1,951657742355788 -1,647387414202693 4,985697537761012 3,372172214661884 2,145974933558524 -1,599732987900153 -5,392032332915709 3,250274784853991 -4,296806667029716 3,648162515069381 2,15544603726602 -2,291176442209772 -0,7179313663475468 
17,48119808981751 5,844736326581779 -7,288438133219731 -4,245429141201053 12,05986428268177 -10,96474399724295 8,387777521468944 -14,69381294250742 -10,19820355921457 -1,191152458654994 -0,6064963872011381 4,802768535594836 10,47618304423782 -11,70933277208841 -8,536683437345973 2,853274389595606 6,409646844468551 -1,753294645394948 1,789045176577673 -4,630791559323577 23,21125352497903 -9,492049970166928 1,437370076032517 5,039280616676621 -4,9413416439706 13,73064008054867 -4,756179292829439 3,068186877018661 -10,79784094515192 9,597569329634352 -7,133323852715198 3,227937338424808 0,1848304976726536 -5,478694082428577 1,994554015518558 20,17024784087713 -22,09784927136283 6,430085256785017 -7,846883848597966 -6,194814122144143 0,8601959899454683 
-68,01383551724328 15,93946206799003 -6,116662454342134 28,89166426765208 -44,2142656313528 -35,48095739927238 -39,05060180648352 65,50563234011547 33,44981783657307 -4,643603342850974 -8,379674887133936 -20,22522115733826 24,55936607042258 -62,43998628089278 -28,42561250510032 112,932979098726 -15,64972775569979 22,54940590239162 5,14040250898329 -14,23554576578474 33,75457619593848 11,71491730091698 37,99825377638975 -65,85693418279253 -27,13998655666164 -16,0765141430694 -37,39563311841769 91,93538987551582 -5,843958998956722 102,4430199344045 -27,80200987740292 -98,54429718032948 30,31602316813381 32,27323493608213 35,69749425877139 -41,77322911416073 99,93767123395376 -90,91846676110355 -13,82710107263027 -4,152644085314115 12,28653463127505 
5,566850374063877 2,501817278520712 -5,101827619170566 5,683046387661125 -2,231921674663831 -10,85665768764223 5,239282502241739 -8,652152488383994 -5,573519651283598 -1,177557533803934 -7,208371413717315 4,542265291782048 9,37139189793468 -15,83289396295791 -5,40859151814982 7,16896063408078 -3,529955431011725 -2,736154366178734 -3,942569445947817 9,799814908533596 8,507719416101747 -5,264266443500472 -4,171870168728149 12,31460682546029 2,302342858128345 8,45621941704257 -5,2405278035782 -6,217569836645858 -3,296735811813572 4,700501461931352 -4,204727628947228 9,072411006282795 16,87479402800313 -6,930632028780106 -3,380345458613413 2,605885941211939 5,538202454239498 6,864901220213178 -8,247616260339141 -4,786954071507843 0,8976720499255374 
-0,8079218205609686 0,7282890760995355 -0,6520300275512039 0,6688776747751621 -0,2000005096477799 1,030225367322334 -1,304077796499545 0,8926309091686561 0,2430031200301586 -1,919804378341978 0,842497637549075 1,702461574853307 1,707522059384302 1,430456218344056 1,841955197141601 0,1091656464751319 -1,894568642747647 2,661658914455275 0,3581202808131678 -2,496566470314525 -1,037607834450162 -1,114571690635606 1,490238350143473 -1,216480509547058 0,1511764834965338 -3,668975225637122 0,666352059006534 -0,3567124033732801 0,7658226646416344 3,161891333192605 1,004326648914886 -1,087749841470309 0,2641393875848559 -2,524845168797245 4,266706081360535 -3,282891301737567 -1,226743559442089 2,189491438131943 0,3223057414071069 -1,11418896311294 -0,7354385863720955 
1 layer
-5,144512628060429 -2,019662587455256 -3,784814588850928 -1,002174523835066 -3,401166439339641 -1,961648886804469 -2,492965589404897 4,231681587942101 3,194142193078672 3,630080215818033 -3,739626751295097 1,75934477250196 -1,131738591812997 -1,873599353601916 6,33234515799293 0,7190626721162182 
