12
2
12 1 
0 layer
-1,092509623347831 -0,355919558627399 -0,9620892108704772 -0,472168513379558 -0,6695628478234732 -0,0240847295063911 -0,8071121866376476 0,2521665632144492 0,7735081721195214 -0,6029955879961656 -0,147694292315424 -0,7428131548887024 0,1723116263155958 
0,08848561680166272 -0,9342427734817482 -0,7108649741093264 0,603189736873899 0,3844499561658896 0,5713403280199076 0,711553046141881 0,985756506868127 -0,5220923494091652 -0,1888229046041591 0,8122013679375856 0,5173825775928418 0,820063543001323 
0,4411521810619619 -0,00420392241563889 0,1931121216725877 0,2437321225385588 0,06062698111729556 0,1687885696120111 0,446944552441616 -1,145714513117753 -0,2810817449874958 -1,356587988291449 0,1754656657761042 -0,8081981426174548 -0,0177459088846603 
0,5644233865368822 0,03699908317803061 1,551897358846138 -0,5741768154247202 -1,239634055314548 -0,6259323827287132 0,02226872321143746 -2,015908453033957 -0,14002344260674 -0,5024622756002102 0,3362835240801797 -1,474033738151566 1,585940960411731 
-0,3994178171737529 0,07833381001648576 -0,04372935974590017 -0,07229400802247136 0,1988383609384487 0,3246620849927306 -0,3339560273629973 -0,6215368927009242 0,7132968041082498 -0,4699733089544818 -0,2103984193500349 -0,3436318641056643 -0,4147007316724379 
-0,2496976414879118 -0,9871534366368054 -0,1555002952673444 0,926480961079743 -0,7873507069796898 -0,03316733472452907 -0,6348400752605788 -0,6832186685330576 -0,5263979365750084 1,077612632753762 -0,4247820181763069 0,0713144241131806 -0,3718742897130416 
-0,7085763938883884 -0,720654508418358 -0,6102177982376432 0,5169538572834218 1,0402947916846504 1,0226217204286646 0,7988127699456452 0,2960687242404194 0,1847697982936555 -0,966315957924835 -0,8431576378027252 -0,3124599636524039 0,1647232664844063 
-0,4867523835112532 -1,333192251382298 -1,453932583577656 0,2009477229174424 1,100924281656288 1,116344459189044 1,78622107825343 0,07627304536897032 0,141041903201296 0,3104434814047006 -0,139329567924255 0,7400733584763772 -0,3769582740003364 
-1,619914948948549 -0,8827561396130846 -1,686110334367322 -1,281903058833448 -1,047327395244445 0,4934580511344318 -1,965176967049536 0,626962951463775 -0,8284635846036694 -0,3966810530259014 0,5226555127645962 1,267376849908566 -0,3714381980021822 
0,6625335891360756 1,277922170233473 0,6398764773256034 1,735798405541826 0,7348226991711914 2,435810136650926 0,5408722408917212 2,892552062030257 2,269627970043428 0,3691135724215111 -0,3386657650332609 -2,594308735890693 -3,422955185234163 
-1,184119974813622 -1,550468415940487 -1,397425009475188 -1,176988102100054 -0,897804299083635 0,5225995047600448 1,689199555130618 1,724686772627269 1,567749225383653 0,03476306061097527 -0,4368795681954378 -3,409169413341621 -0,7796811225055992 
2,133189178121904 0,6423056734518906 0,9014882148783672 2,832722633540891 1,374982197741694 0,4235536712835036 1,081555971487522 0,5477218910202786 -2,56660446066006 -0,01818942072758268 -1,506142105839641 1,852998486615418 -3,012406310502469 
1 layer
0,6525075344456142 -0,1288150227115466 -1,28388649842181 -1,996050628263378 -0,4473532578003543 0,3473068371524676 0,68378532545597 1,46900823268151 2,474477716883548 -3,740656139476037 -3,942048941177299 3,768676333251404 0,2245514538954854 
