40
2
15 1 
0 layer
-2,631993855717064 -4,648049420473007 -0,08065108574184558 0,01567957247118847 2,977274917192349 -7,49576208786148 -3,51994935263266 4,882454275318251 3,250358864477823 1,380975688023328 -2,031662562448754 -1,749081418483226 -1,872242484331806 -4,733988938859933 4,05605318541775 2,040253962237913 3,682231536985414 1,521477375827539 -4,35682650316547 3,296375256035697 1,011941176241024 0,8396133615551655 4,016035308935369 -1,053445210085762 3,181701798703523 -3,24780538472326 0,3372450853025657 0,3420828270774865 -0,0659760418100068 1,306526702322805 1,14317470393764 -1,318088977141685 -6,199481032501651 0,3571890390071379 4,643134404906108 -1,900483141590497 1,989500289416439 -0,1559406915498031 1,213777194534649 -0,02881731143863543 -0,8239107670269366 
-1,622275185093491 3,838775124608811 9,574756103688047 -3,355242358400265 -1,382088133774343 7,287543797805178 3,822107221555091 -5,27799785992552 -3,076363704757437 -5,699895483270231 -5,391639353624102 12,58947584823365 -6,541200225612719 0,6999372526721416 -6,415834643392095 5,482647876337979 1,707154218062171 -1,826247071550653 1,254639584796763 -10,31647309000541 -5,483678741371452 5,408252684993935 3,927751508227503 0,5463031813950985 5,58503922985685 -4,896207482957639 2,083791410522601 -10,14628926973252 2,257181269761244 -6,678330438121385 2,278229553060951 11,49588951307329 -1,568098805811148 1,259559059847959 1,964135311970442 -6,274642293883039 2,861397872975485 -0,3971530717022975 0,09080834177423812 -4,492987132108928 -0,1841739535123504 
0,039488766541114 3,302825867857161 0,329290595202168 -0,6164396746606127 2,683626084319864 -0,5422473009222588 -2,206683001177097 -5,774596495326916 1,290261462523793 -4,742235789894137 9,069358760285935 -1,15710210105835 0,09819735927370227 7,634705030225287 0,6620496470447209 -3,289351882562415 -0,07491756452487275 -3,549400196129529 2,480895352038154 -1,600788832998343 1,543412492654717 -1,858701721052556 -5,867337127488065 0,717522320348286 4,865786690759786 -1,282411859073834 -5,397351109685713 2,950806780405196 -1,900795132651814 2,152166566072804 -0,008886166326577946 -1,829856220754783 3,316524974200382 -2,361962992826622 -4,391262454424227 2,032614752824575 1,701708433698099 -0,6684328485126876 -1,884670156466437 0,4829281982405993 1,210403252359432 
-2,835396698635245 23,76633192272737 14,60558608341585 -11,68991915391677 -7,243636915284743 21,29914019716542 -5,193094749275319 -2,861175541473651 5,324506674379101 -9,776218037958063 -5,373268517670183 -4,339033517355206 27,37357183590327 1,009987758205422 -7,88784165865549 -2,054601999580674 0,2696531226728363 -4,0929556011664 14,71479178429383 -18,84623044480055 -19,59036012253548 -3,074246204986249 14,00513597956985 4,395685227226595 -0,8276954339554919 7,57040354653087 -1,192180508854225 -15,86763592401276 7,186930724477181 3,519613164175052 -2,603334389998171 11,48564754607943 -15,55944711447488 4,18879340396818 20,24292712143412 -6,09207087440107 -7,300160550665343 -2,711496727060029 -3,855408988853043 -7,815733025637834 -1,8805434468379 
-1,211655585337696 5,558360368774144 -7,267249987439831 -1,456491794406154 3,920842014242914 2,229858293795787 1,491697113509104 -0,269730865549662 0,03956862289212004 0,1186372167648003 -0,9183487608028165 1,603506357429444 -4,139904274114673 4,446185092877846 4,541362933766673 -5,902644103899061 -0,2117408310075632 -1,936679950236128 2,460338837472988 0,8467968894826214 0,295864487727364 -1,521911694254897 0,1157252503845338 1,900002237179508 1,089489776385536 -3,838011928898057 -1,838533723042415 3,317988061957253 -0,2261517795939841 6,036761621615093 1,140149635039254 -0,119243296896206 -1,528977949138203 2,046587771272678 -2,477601764181003 3,879254987781343 1,171105761394496 0,6148911702387374 0,3592927866594503 -7,456261625429319 -1,39645821935357 
-0,973793787347256 -7,992217089503963 7,798880219611828 3,039989352140189 -0,7574235390207017 4,498123439174062 -3,887814199280339 -1,608117715016613 -3,398255933658552 0,12562170881923 -2,826759977587355 8,503584956195056 4,292515799260018 0,02576050151116922 -3,84275968216758 -5,25177232935697 -2,920154795730489 12,97571461502969 -2,00783574642165 0,6503194907943713 8,681922866816873 -2,841639029484627 -6,559552335289088 5,397690120150532 -4,69412605334928 -0,656879278920083 9,487598943193337 -0,3740514242522878 -3,2692263421356 -1,483704915911657 3,244083325581355 -9,549011029110783 9,406836164930553 5,144292554015319 -0,4816804649486568 -6,736969664258885 -8,774397408242375 -4,195619098295223 0,5270425299991993 3,696549543268494 -0,03156223627844852 
-4,158789747104148 16,29504737059159 -4,952536880505389 -4,08787000342495 -10,20438610798463 2,582095901919405 -12,57642072014647 13,12195540614544 -2,25932236389237 -1,857360468907028 6,592087599342444 -11,74113963661269 -3,658109014201445 4,903632893997619 -0,09927849195497278 9,72766490745798 -2,032967007251757 -11,36657774375543 7,762662844503153 -12,05151289880278 -4,31386988694861 -9,394332768501402 12,21871022493495 1,699274304871552 -11,49858928264433 2,533803466243049 -1,277705772445957 7,617402173540323 2,935098963334199 6,824013894529692 0,5281918185186433 -3,988952360425638 2,429425628380097 15,01279916126741 0,8752933397033789 -10,126157011998 1,059724066769041 -8,125337097375185 -0,588037339914411 1,737805399286715 1,850950834783478 
-5,972687059252579 3,414622087162428 3,158766513449235 -1,324164414398672 0,7959590840117671 -1,282546545146678 -1,493309113600707 0,176967932515197 3,048055035051051 -2,11273377329394 -4,331004449946311 0,03042401673972656 -0,7648712918441066 2,116697721357137 4,541316264579056 -4,073084186679982 0,7664853114324351 -0,9534148317555793 0,02786019888207724 1,902688990602726 2,207526382721899 0,7480529999849719 -2,602428676336105 1,808714398084718 3,289775487766729 -4,598527968708723 -3,745320504630969 1,030369903911653 -2,294004056294332 -2,156908418864671 5,779421442619496 2,430267790673952 1,513079632544527 0,3048731950002103 -8,847429496325731 1,606882352060559 3,789589247827248 0,7807014077415676 -1,145123481833949 1,683037345481932 1,133279888919837 
12,81779423318341 0,9831097272289 1,793899685042903 -15,17920511345559 6,445874934868359 0,2592412072980033 -6,36962162545677 4,05090272006094 -9,649498025213456 -4,034909827035076 2,393452868782468 11,64299021948724 -6,588590671927968 -8,958055661913214 -1,378598693079064 2,351667366170155 12,32585745130181 -11,46025432091506 -2,41420638741462 4,319046815996049 -0,7354764775143345 -3,173431118438194 2,987439880927968 3,852523114583374 4,458484442288907 1,371262970296301 4,257260220350976 -6,535435543502225 6,059755033403258 -0,2043146224201135 8,18104662418709 1,836436192633628 3,288928019882379 8,677312134191986 -3,655765226245144 -2,353004308428378 4,026451126791726 -7,391853755031456 5,162287653253892 -7,856792041196496 -2,527105035079389 
-0,1881858968774499 5,776628188804728 -5,319566708003585 1,283439852867997 -0,2686419918715458 2,650579618177586 -6,528735072526104 -4,39222547818896 1,694714475399396 -0,9004349977161036 7,410155316193189 -1,820936793158165 -1,445337913886041 -3,996910011592562 -3,376438903536651 5,493912111072262 2,302233829385927 -7,859018511200758 0,150035192493212 2,282990159414965 -2,143440453807214 -10,52222992549937 7,475548741094318 0,1577909031801614 1,793259694555948 2,433067110379607 3,674922811610978 0,153236126424089 1,515551554417898 2,014154129341108 1,748721715402966 2,434432854459873 -1,687215192119508 11,17110084527116 -1,192780996235393 -3,281570402594283 -2,838632731486583 -5,048060865294747 0,6727077508469034 -3,159748144760289 -1,089285438031697 
4,209484774732236 3,054560087261425 -3,648058529379268 0,0441002408137083 -2,096291887998245 3,854735750195232 0,2673237415329278 -1,542620664378982 -2,521504225423807 -0,508234122923113 1,47856373818119 1,685503144588663 1,181049237573382 -3,643280460369459 0,8952208126487577 2,400673808948028 -2,73642402352051 -1,799483041708839 1,116935383698464 0,893491715447821 0,321134467459635 -7,803449440755711 4,003675962548558 -5,242648106611795 -4,25120493143184 1,608065314736242 4,1719624233568 -0,1873724293686694 1,473363233602021 -1,487062174224614 5,723396439583694 2,463409692914668 2,448619209892248 -1,280254370129056 -5,917470290642243 3,523906498022554 -4,507977163112902 3,952038451132392 1,979916323854443 -2,295016597657562 -0,7634984049143324 
16,9079658227915 7,685222507083272 -7,341299072376072 -4,918386415523181 12,43518849220597 -12,14006545878577 8,186184560301156 -12,83755935370771 -10,51996586823666 -3,050159450723094 -1,29761366315979 6,19809089604538 14,09097392764019 -14,76751292178809 -10,47804610569692 4,571327561019674 6,078540922759256 -1,854979331872357 2,557516787195401 -3,292263720484526 22,97321812060872 -10,28781928827304 0,6768800582634161 6,378780265775939 -4,461859390155999 13,04068488082651 -6,365690981767936 3,157395065955155 -9,9145325166911 8,357081935032726 -5,675299667892459 4,406082154497104 -0,6720363804461662 -5,265461923955834 2,341038535720516 20,50976999656967 -22,38823438159901 7,465742047210828 -9,557097262352331 -6,423234837323704 0,5468008211450051 
-79,30011831743772 16,77985961481856 -6,498168311870685 38,09193189954915 -54,4045884080924 -39,23936314845868 -43,01030216090518 72,09667144460265 53,6641115258217 -5,290265432575715 -10,89997303215063 -38,6982820390887 17,61740158685371 -67,23428040930247 -24,30701223473322 142,7395670004188 -45,1301231202337 25,76922970773667 7,142574928680486 -12,87829187126563 57,4703998579425 11,22092093906342 43,45252695680358 -95,24538001079364 -16,51328960803635 -18,48794590258849 -35,92902419890432 105,8759744267551 -11,27902047081029 107,6160128042315 -25,81066959243258 -112,0129520175664 38,71391391060962 34,95371081977301 40,43958572155974 -48,72743990457241 106,7746176270762 -90,50363880820905 -23,09411460178661 -1,548139931637544 11,29323720567392 
5,357915022888157 3,816913542393205 -4,923670108628721 4,878604066542043 0,1341188773850346 -12,04884872313511 4,668085274773222 -7,740706186370085 -5,753675070202377 -2,986631768762375 -8,178601148285333 7,227115395635878 10,17929541741159 -18,03525680339095 -6,643735523432749 9,389678123290986 -4,147792527175886 -3,144667735436781 -3,482561312939382 11,05724151375469 8,648569644263986 -5,624806952197932 -4,524968417281577 12,52161880367842 2,058500050948791 7,21799569054754 -6,415573172195559 -5,088074177629185 -5,218531247339916 3,784721360791328 -1,751412304762417 10,62056914513328 17,05764734910237 -6,99960466548096 -4,038976274501645 1,945592642476131 6,718846549276346 8,426114207017662 -9,476666357712185 -5,553271474770843 0,5698897994154185 
-0,7934696739142627 0,2371109901722926 -0,7832091701273354 1,033593657187547 -0,4054551921769278 0,4518978708410895 -1,710589411096262 1,090934591914328 0,3254754726054095 -2,229148439704085 1,233567148290559 1,820485187275066 1,620267431909807 1,089275153855951 2,402984900095665 0,04371036543620402 -1,82256635788158 2,766674179361586 0,4799343874987502 -2,714012219193613 -1,41725227754371 -1,955243259829055 2,105339220201641 -1,263479448736749 0,38960445019362 -4,334112093860496 1,285996495192353 -0,01322235666632407 0,548221412221236 3,927828796259293 1,513872853528597 -1,45021915535548 0,003493138035982137 -2,938236373995132 4,589711086306425 -3,4468728890792 -1,398407357162657 2,81520496812608 0,4741089469438185 -1,677340399527605 -0,8092075022177156 
1 layer
-6,492272095990165 -2,239662926503584 -4,402743632252125 -1,0065247718872 -3,384916342966486 -1,844762559473967 -2,424745781827738 5,065132552044624 3,58425716462949 3,852993992727137 -4,36871895861136 1,734729785945428 -1,140076616052604 -1,886311801388961 7,062698219088787 0,907494985603983 
