40
2
15 1 
0 layer
-3,22780286339092 -4,569398669977325 0,001619369293400549 -0,5990586832201404 2,512144711882287 -7,178551430640559 -3,523701339303386 4,967557187196689 3,120500981291213 0,650241251212029 -1,744115179109054 -1,478704566438265 -1,990345034035883 -4,452775414625555 3,730987376360309 2,113444969215181 3,680106676769008 1,161595117060565 -3,646925174061634 3,308469285720355 0,9250665361891511 0,8710426432063197 4,572815903085444 -0,5891243830550257 2,596341328348684 -3,593477230552206 0,3885310856615319 0,9045058379908901 0,1098054837891946 0,5893325916509279 1,473558628043417 -1,552316715847984 -5,870372853400479 0,02501846817088947 4,400688971033105 -1,415026516045257 2,247576809283155 -0,3411473002433248 1,63063152007858 -0,1182124950459487 -0,8836048810265843 
0,694343734612736 3,329571465080107 7,77240676626232 -3,366910547499525 -0,1646389188291214 6,305678138693419 5,566654082013444 -5,308592645245781 -0,5055932370761246 -4,483464981613329 -6,775978270012279 9,678043776477775 -4,256804038571459 -0,3827461827666043 -5,963718916854059 5,885020629925489 -0,473607010839414 -0,41638769713827 0,5879327347732646 -9,17146660651637 -5,32763684554279 6,758008799940726 2,378752518846937 -1,592619154060553 3,127522451001706 -4,501526837330959 1,789956183119358 -5,537697614038647 1,477553167981292 -7,55282332590114 1,264690939534663 8,278774559817474 -1,08355889175109 0,7816734672997675 3,654466494076581 -4,515486037476996 1,060227662900662 -0,8911882169565454 0,284891107471322 -4,652901752676997 0,2567749240130662 
0,9858429577816719 3,833270408584393 -0,7105336378948287 -0,4527448732596995 2,615637545223072 -1,681187423042627 -2,879601089283598 -4,901723104036421 2,082203743406912 -4,928975897577047 8,495184944834433 -1,26624292116015 -0,04641421302023235 7,554821257132883 1,396178753397503 -3,569831297421485 0,1840268724299102 -2,454636205510274 1,470710549612696 -2,212137179073945 1,787963187826543 -2,476924124357542 -5,436513729612761 -0,1698095058062637 4,719946899438971 -1,001815011776112 -4,775924927813596 2,541040985748077 -1,026140406497081 1,774013758274271 -0,2883698502618156 -2,606748380613004 2,896971810499219 -1,594207471403986 -3,262844671581899 1,623923289839132 2,079365266086576 -0,1053539259678989 -2,666298989688302 0,07238328487416518 1,52809613312483 
-0,8443655685766001 22,67747518924666 11,19772324838108 -9,295404478701705 -4,754093054847297 18,39914760984628 -3,737917652748394 -4,385481351510845 3,427039071752541 -7,090889384462318 -6,023389083146162 -2,732008878455714 27,36898426780029 -1,070970866434536 -7,777876097877311 -2,497910253181111 -3,648159407060882 -3,954500779777363 13,37340965957139 -11,51361998667741 -16,73056963980838 -2,154391947798254 12,46917737210746 -4,534457278750236 3,332438582645025 8,573344883532798 -1,997584516662386 -10,7917882202951 2,134301117618415 3,747226484836883 -3,189977232574709 10,56192087153567 -15,00305695772464 3,65478529215002 20,87069769527314 -6,882952476057939 -6,429535562212194 -3,289618181995184 -2,97487690454187 -7,893977007929805 -1,293021949601637 
-1,351187646579348 4,473293466319261 -6,2207782531553 -0,9943317337609994 3,018917423963142 2,894877571907143 0,8136129780015664 -0,09129776109246829 0,5313142846756934 -1,135104989505632 0,6495188099072128 0,6643669339883029 -4,25522089683114 3,318199903589208 3,905185797922218 -4,166411093008157 0,8235591983970576 -2,230754761581721 0,9242701687009253 1,242792393237288 0,5969475619093758 0,5909991094092515 -0,02449119129120074 1,671714663138154 0,1212732301192736 -2,136676682639304 -1,877219743127589 2,013629948444216 -0,2842540509941238 5,727877248456826 1,304431298623645 0,1412510322013288 -1,174602690574412 2,365230367363778 -2,453018757048763 3,231018389566439 1,294539203029754 -0,1138332933235986 -0,5374071708240209 -6,456716870129896 -1,358732303547027 
1,107125139251774 -8,456612118047948 7,293164498329674 1,572167425565071 -0,1727031864232329 5,307403425059506 -3,974291597028868 -1,450195858769223 -2,300699795238939 0,2002094953143961 -3,121512560975963 7,146903148925017 3,907631190221901 0,7735830382702562 -4,029423027330857 -4,314209553758551 -2,52007645258004 10,71231621548933 -1,017691355348875 0,7981290900637368 7,7005648407816 -3,37324964176914 -5,959056165504155 6,486471285784714 -2,216409980469797 -1,488152390843054 7,201307286043278 -0,3351665035257705 -4,125794449105627 -1,113141185308274 2,787149187270344 -6,057880739493215 5,73367280158665 5,677307880476949 -1,336109072798934 -5,72034438096025 -9,133107089290785 -4,513554041174683 0,7645677565460743 3,918585651713236 0,001239757740530282 
-0,9376205335111436 14,14210399799494 -4,949741555732594 -5,18715356263525 -4,207877366216758 1,038359552555607 -11,45803701911443 9,829997584457963 -3,824019286120122 -2,076716337668735 4,840572570319268 -4,762251457251748 -6,373612837274354 4,243437561771183 -0,5645680322924996 7,465331343417455 0,712602487408982 -10,3436744754178 7,72239094493258 -11,54415156726659 -4,424483865593148 -6,980600151437689 10,94479248109529 0,4134612803830334 -8,699673882004673 1,535878917736372 -0,4730793819643486 5,096641356825262 4,854188642925268 6,610329125480059 -0,06565655260552321 -3,784457608340698 -0,2805258148403317 12,73466838557352 3,485132014507319 -8,620817764625304 0,7841747349829327 -7,057078506482759 -1,371660233414348 0,693104676989978 0,6875989770349569 
-4,121226389674537 4,048410176332387 1,366939419390129 -1,311916157035721 0,8343608617575722 -0,7451133222744866 -1,749013638608235 0,2843266209325738 3,087693450023092 -2,890897099660939 -4,601092777748593 0,3029055956708387 0,2777913977309559 1,001757409718328 4,07799676937316 -3,691244811063927 0,4902951077955913 -0,8024789416876514 0,9070804417325231 1,455518388122504 1,997953654679256 0,3311286632442138 -3,52760375464977 2,211380914769805 3,601163086391903 -5,844473952485483 -2,73381972972223 1,243280940465944 -0,9321991265526531 -1,640179403721313 5,239692357513528 2,296638739353242 0,6098874610462256 1,400454873340107 -7,514232300155371 0,6867177958641798 2,695187024644495 -0,1410349940166323 -0,8585665118592045 1,556308679724308 1,302364125731557 
11,05423495835015 -1,020458390273375 2,571171112214768 -12,38800592065816 2,885864307984775 0,8650888813189519 -6,934855095068819 3,974651943470099 -3,608143465888954 -4,411935117640352 0,3361033792533546 8,325980612394059 -3,757480696617635 -8,266974933597359 0,4022308226897792 0,8389015483776385 11,01780986714943 -8,852170897854947 -3,162224013544869 4,658372046695821 -1,677343849836524 -3,172541332569136 3,379861374970306 4,174540973443962 2,245900165600635 -0,09223363543634866 3,521560724279452 -2,213435889839326 5,252199309897017 -0,9459449982236975 7,663449084210269 1,051473151361004 3,501597348535324 6,033418918346796 -1,513130708112362 -0,9987278745385981 2,337598285056166 -6,356673866087268 3,063789819980475 -7,194757574599498 -1,83397594462103 
-0,3811931137102574 3,862895055421271 -4,775158772463817 2,355140590277154 -1,86692603445806 2,086527165800309 -6,574017215668364 -3,649921603770971 2,878806670577684 -0,9083588185405421 5,12214682228067 -1,528442116757023 -1,771919860249215 -3,000206616549617 -1,595733157008553 2,638773193255815 2,582078117999149 -6,015422571922139 -0,2796692405880582 3,363283107509859 -2,464364108162927 -9,471095904037975 6,69656743771391 0,001789821148545831 2,59286526699865 0,6650150431897732 3,557186999649071 1,152581104816517 1,624608700361307 1,341408668124569 2,18994938726725 2,243189730746694 -1,792567098978249 9,399181886260136 -0,4012930894060691 -2,576948851803442 -2,29449233283533 -3,768348307457826 -0,8371498182212308 -3,457470140381062 -0,6895796890320146 
4,212432874397579 2,938022002137269 -3,9754965576455 0,9621332801017163 -1,980783778829326 3,654397339993962 0,3242578947297757 -2,016693997012654 -2,11191452785859 1,037993124741131 -0,0834865615944534 1,611167112891297 0,9843693293821359 -4,01879018909801 1,375047520165229 1,806205285966249 -2,008586764026302 -1,903512915748779 1,332387648796186 0,9762102261035306 0,6421816275775675 -8,230458581457389 3,049557301188844 -4,472762151277386 -4,098621350244187 -0,02650340880142243 4,042195814675877 0,5741748852422836 2,204097197376447 -1,653236599467393 4,744475709509006 3,673485008033461 2,016356565449239 -1,707516210011365 -5,09513065175055 3,078873627611053 -4,136226805623113 3,474646296811762 2,147902811069625 -2,335284952578717 -0,6707351579683178 
17,4722190348203 5,179852745159944 -6,853366120937495 -4,075416284370771 11,88718419121829 -10,68451648122234 8,313235969232812 -15,06550598342381 -10,15644545301042 -0,9635684590484772 -0,1352465560911517 4,603468284773538 9,288583831896457 -10,25413071740125 -8,150540680870396 1,918805984259266 6,521807907867239 -1,599651755156396 1,504021621229812 -4,978682229009488 22,63077102319189 -9,059141977475022 2,032659141176395 4,417613589575629 -5,282457134314689 14,33048218453956 -4,396037037581181 3,143654074735026 -11,26749930585982 9,762163586970622 -7,102071660718444 2,372123705790481 0,7726759969883696 -5,418406866004215 2,096975793250131 19,91629524636574 -21,78288832686673 6,299619364000739 -7,463453598808871 -6,243409562591115 0,894431911108059 
-60,40096239148364 13,96365578974576 -5,726333562254602 24,17168270406537 -40,30061594047461 -32,46841990759745 -37,36568473009167 63,87494962415235 23,64531068121657 -3,858060895693411 -8,53128234471464 -13,48962205707466 26,38912119613373 -57,1670883881424 -26,61154130495388 95,44981614911926 -2,908185692374444 20,86334944655346 4,426964019563763 -14,94784673314601 24,70779753833965 10,14443879614338 33,38712761059416 -50,05635695830439 -29,14510786860173 -14,95833235875319 -37,97973116617266 82,66443427778947 0,4009836901607293 97,1627885883657 -27,78552911729344 -92,57478149789669 25,16293913304816 30,06410512220098 32,82417702269325 -34,32436182420295 91,68082028076321 -89,00408783337296 -9,556239250449353 -5,485916955172542 12,31999006130135 
5,401041525077136 2,116311687517848 -4,796186712281588 5,74073663775349 -2,890854885649255 -10,61278872315835 5,196744195894897 -8,61180564103177 -5,328275915650728 -0,831905959387703 -6,609620582006845 3,618581683954929 8,723101970663183 -14,60698530375044 -5,341243271341302 6,624538785395981 -3,288906102678444 -2,444458810827277 -4,106575841449431 8,911876144920111 8,324461702605074 -4,884097741549872 -3,836152953674603 12,01568512811093 2,581400102541833 8,981893507268694 -5,008232845096413 -6,585526593048808 -2,758473258963912 4,658795776398656 -4,557064474224816 8,451021363411522 16,29469483644896 -6,741112615766609 -2,961839071385444 2,993900162658037 5,201446395136868 6,302832655296197 -8,017494811160521 -4,492181477458732 0,9922150174186546 
-0,785561767278372 0,9153024064914657 -0,6244604669106518 0,5792017709373243 -0,1085621177526387 1,252540187803446 -1,124712369083715 0,7866058262537274 0,2268274277775307 -1,868309798355532 0,7601637292927199 1,647742683839302 1,814937584299033 1,451407021709569 1,599109681586298 0,16082311731624 -1,893743883108834 2,518996359092257 0,2698381133772655 -2,397321303271415 -0,8294404030901417 -0,7749824290652247 1,28679374848535 -1,196949501315122 0,09472861666844927 -3,424165976518764 0,3851345664646584 -0,5116347989277058 0,8586462728134416 2,871390983408065 0,8247569621310449 -0,9347659975241576 0,3866475070239828 -2,37788531463272 4,043774154292207 -3,223968281257367 -1,178298576138096 1,953887361007101 0,2941093560961344 -0,8513562189672687 -0,6882434947960465 
1 layer
-4,676025728741508 -1,910612638280021 -3,490812191050825 -0,9977333771506055 -3,354120423027043 -1,971165713902084 -2,583307678617132 3,891821976151314 2,992788162837497 3,550332904400732 -3,521678513394026 1,73362346323785 -1,067437484481551 -1,851847436376224 5,99038329900637 0,6221449132201566 
