40
2
15 1 
0 layer
-3,363980292160977 -4,086814968621378 -0,008540286277537472 -1,248699451566994 1,950039999934784 -5,838738090918101 -3,308747257049446 4,075963087077817 2,600546625640025 -0,2399900651381811 -0,949782167683129 -1,366112378896853 -1,791399949730456 -4,596987827821224 3,244084744146571 1,713220880121218 3,089234293247726 1,2317544150105 -2,579199307190546 3,125073194354656 1,033794841482438 0,7424972877276438 4,777879528044463 -0,1386846629228757 1,856697285501812 -3,873195243322359 0,7487803390397229 1,007229420687937 0,3474412990044043 0,0880642173127999 1,774892496207972 -1,600678947309205 -5,273375573709378 -0,5777514521031536 4,07261448484314 -1,106917497005685 2,666082742787343 -0,7588462016140854 2,546705085520191 -0,3883646106603506 -0,8657607633793165 
1,396606082520575 3,294292354537211 7,342281795630185 -2,692372997180652 -0,1607496081154758 5,215919171783281 6,112989546146167 -4,814587317816594 1,370978742294958 -3,045164608515301 -8,060541098896429 7,324782540159046 -2,5631116877003 -0,8357802622171018 -4,717908112522644 5,053758491679046 -1,54902102735287 0,1531803438326105 -0,2200024477487788 -7,384362814193099 -6,088560386182598 8,094139601085091 0,9061069026005995 -2,979248788039308 1,501412742847098 -3,83581688106126 2,208721650042548 -2,125157555646202 0,5789516044570827 -7,79830711670805 1,463209066136429 4,920649735306696 -0,6450997506211095 1,049107161898607 4,872669801111458 -3,44084945458566 -1,021397105945023 -1,278505570767083 1,095553300292316 -5,799701314875636 0,4354386820456358 
1,85587968345171 3,981130250339851 -1,62644232917579 -0,3141500409953427 2,491847045575604 -2,665739973198259 -2,850328048465416 -4,125063679272793 2,618408757706012 -4,558888932618117 7,765487486283668 -1,447839165416974 -0,1273938732552585 7,479327616621712 2,097144566304534 -3,406929665350228 0,2613438557007207 -1,341552467275086 0,2269400721154953 -2,68324511485145 1,589912652714569 -2,570198093787779 -4,926669394498438 -0,870922766654147 4,160322197423628 -0,0770462768481114 -3,908306917565276 1,595374640603952 -0,6788451404904662 1,529252788726901 -0,8655653971545685 -3,213654235144998 2,924426028523158 -0,9104127809840586 -1,883119723463151 0,9989871579074947 2,122435107558197 0,8170403643919407 -3,235975269206803 -0,8569024182229235 1,723804418445661 
-0,9296949303938068 22,14420077574973 11,61245157486725 -9,036685032966606 -3,438942926629107 17,2454847501808 -2,953384319108633 -6,007798371891271 1,255177763123835 -4,900084517638016 -6,092058972510569 -1,070879087763611 23,97485371963005 -1,488200541437908 -7,406045302735297 -1,856993831095116 -7,267435317374975 -3,836099025091193 13,04364056447731 -7,495517018416853 -14,75487587390005 -1,60844856011686 10,54953003062199 -8,942897317054674 5,516359473319479 10,99897672851336 -2,796807987756116 -8,088033468526637 -1,137665626024928 3,889315419177905 -2,515308088247108 8,82783450211231 -11,53077220446429 2,220648265665236 20,77292212116023 -7,994948852095255 -3,08167203370335 -4,350492220426812 -2,906978247336946 -8,238651134293976 -1,133661533457686 
-1,181352331777564 3,259930074467496 -5,511843753429375 -0,5384311957875585 2,546699820156657 3,167828170977134 0,6795964132174158 -0,1882942710463569 0,6322546910119311 -1,429246506804731 1,534138934551011 0,09022767605327411 -3,854745730822587 2,443692903765153 3,006466210583672 -3,129657831909689 1,179072513086933 -2,041945975465979 -0,041929610710041 1,435071513077603 0,6906044702560291 1,354737043773222 0,5160552376449555 0,9467251822258785 -0,6235329604583967 -0,377500519562218 -1,995218051301275 1,289904449191278 0,4070093997576952 4,776167497108418 1,672693289844774 0,4191882196377851 -0,8134105005352661 2,732856711864501 -2,149962543655444 2,09182238422692 1,101528539343011 -0,7009056654947071 -1,458091837816085 -5,51506832460087 -1,256199662501906 
2,408410839288459 -8,990468320657163 6,580363475231839 1,762432233109829 -0,2556965919693164 5,121278760174802 -3,924378377164837 -1,124350200177553 -1,114411171614561 0,213258162228062 -3,172234701905641 6,583754044389694 3,204567378621516 1,171013094499787 -4,06195704391889 -3,388117771735638 -2,124491261603544 8,758518621504777 0,3026093821429206 1,322495625144736 6,576774207831728 -3,313141818769788 -6,411657415717852 7,922023413744649 -0,4128038006809818 -2,356384038626657 5,068534088817715 0,08996519036725403 -4,532368618036011 -0,676834238359899 2,09716857988366 -4,099388461763409 4,46627467066761 5,291454377710377 -1,803739313505826 -4,781388089039234 -9,270403138721223 -4,735293328624262 1,00487658260799 3,575899582658819 -0,1861447178639893 
-0,2268379237967956 10,84249034657803 -3,236118863937884 -4,97567074695194 -1,795377143773643 1,236276903147082 -9,376604813726896 6,821392714900962 -4,126707366649558 -1,399826202502755 2,637726780936753 -1,186942970421454 -6,028492650669918 2,884433733415823 -0,3795715144010599 4,730870675248089 2,213281352633833 -8,688753690685186 5,900684201616784 -9,204630369495115 -3,503865113681681 -5,939078492384251 8,131275147609481 -0,09667111586535576 -7,291858746829588 2,652980179137123 0,5140956058036075 2,936196610594887 4,441626033901326 4,998045260595892 0,1622864034324867 -2,417452596142811 -0,6606697703005745 8,065789675417854 3,228902400376775 -4,950860019986415 0,8362210505639118 -6,311800794136075 -1,153351916779957 0,3943350532167473 0,1861338953530074 
-2,568408950093347 4,236654511896465 0,03999296068545238 -1,233560948292683 0,8972681168801689 -0,7202447488075259 -1,984553545267844 0,4587794802965889 3,034280593804485 -3,298273607574722 -4,475217978847351 0,1873109780372009 1,02044999589389 0,5002467404582542 3,36949954348357 -3,39002290291997 0,08819270054852668 -0,1450911907308269 1,468846328184036 0,6853356882242981 1,979898422452552 -0,1126531513034722 -3,811206542993522 2,134959748174982 3,321716314718911 -6,050279370754569 -1,576649674002232 1,197866562852588 0,1480435018330738 -1,427084983171006 5,133073713236921 2,033182449505179 0,1425038857266321 1,922956104637921 -5,891948802893406 -0,1818864942193381 1,571723375837881 -0,2233890727036008 -0,7948174889521974 1,13150753562316 1,446473086814482 
9,901329785444142 -2,943041993721031 2,880783691014204 -9,763530688902414 0,7276689932202315 1,450149571454023 -7,230022326385031 3,303948453414647 -0,7370549852773766 -2,865449567044942 -1,359908936738435 6,110969405403033 -3,321740612684697 -7,662475175078053 1,141396547927105 1,165513541090883 10,37947520609948 -7,629080190303358 -2,012360538981973 3,131779505847613 -1,245552371128323 -1,987755690333016 2,753064734172963 4,236232540230577 0,548892639406126 -0,3537850649716843 2,25545759487876 1,011426495383062 4,892836560970604 -0,589417301468698 6,740924856198578 0,3054927222228065 1,683571330018035 4,119014974782934 2,008047062040472 0,1947023198717318 0,1097511293169164 -7,503938748678169 2,217534218933778 -6,413153670339544 -1,095543353020114 
-0,2020329311165279 2,387871501376507 -3,563572897777081 2,15609129752984 -2,57284431781692 2,39270235735236 -6,357467381417802 -3,266754438796439 3,182140368845533 -0,135428437878983 2,698527409586404 -1,584246377335156 -1,866671181129854 -2,469043868665497 -0,619832589151412 0,7980046300845657 2,273678859604266 -4,477672476599379 -0,007963263299549982 3,44064879235476 -2,314428190014704 -8,080755259136435 5,153957697706654 -0,1695645038900804 3,168094814365761 0,3003703682803152 3,339662713096323 1,545112060613171 1,547626342684168 0,938867216343517 2,684426525964651 2,332699127252582 -1,762070208219045 7,610643851104439 0,8195478409843865 -2,317178795499818 -1,841287805617964 -4,083852771679872 -1,178324816602115 -3,310895036360337 -0,5442385441333426 
3,968367395729119 2,458912044497988 -3,987492593440932 1,427263429970267 -1,579445506691159 3,112578254564498 0,1149531168234008 -1,900097990973107 -1,703090955214462 2,084108561515125 -1,232214886200493 1,558049399421949 0,6765639043964272 -3,730501390326925 1,882517916142557 1,193522802736222 -1,439950734679828 -2,205845352477288 1,817098842142008 0,5288336274605971 0,193844145263731 -8,067971740704966 2,057885772100815 -3,918646086566948 -3,512326502066021 -1,949001647807302 4,067846229090788 1,279917204471324 2,973839401419697 -1,578598568199826 4,359487283260465 4,128967043412517 1,640783498169264 -1,500205061613122 -4,123020289944584 2,440584908668814 -3,484266974332943 2,719689046576645 2,143964236212986 -2,276088165934751 -0,5347377292115474 
16,4711757722761 4,698850441717317 -5,717869781522517 -3,865070073402435 10,40958892302475 -10,32048503555734 8,512528946340133 -14,90080452959875 -9,936169387121012 -1,225434245909415 0,5353221339762422 4,621806875943725 7,107105386781414 -7,270403628194186 -7,521343328886022 -0,2190063824998882 6,125286714332341 -1,002463655392645 1,839696695751473 -6,116620284647262 19,22060673108507 -7,762827535326323 4,37519530129151 3,036021547646958 -6,22758685079202 16,12682729652809 -4,042367413958469 2,809209102182113 -11,88777642186572 9,860523245917062 -5,247664590531398 -0,5083329947713691 3,092037256163447 -4,573513957598864 2,94834038393799 17,98746858545206 -20,37004563633022 6,672563324263618 -7,291222792325751 -6,919052379394455 0,8726460893313557 
-20,06219031105572 -2,542314476862805 -13,32466748879752 10,42919208558274 -37,50224491452592 -9,865500427275563 -26,55606718308258 55,12795978559896 6,767137441217503 -7,716847936560157 -9,390363432142808 -7,33023614213579 30,24628813789611 -37,58523227791958 -11,86654200229488 48,31026820206282 15,50653756663706 8,824484304792076 4,508264370510607 -0,2540164430634816 15,99258317479467 -1,756149861533024 4,532279364220474 -12,83266905532356 -24,21730295621205 -4,315222704596057 -36,13829146085176 55,7268793804655 9,645609798007472 71,25527264755141 -29,83331869584788 -59,93155234435994 6,061170843483843 23,66723198485754 15,5427222859028 -6,823750013211741 80,93227580567385 -91,88115852392578 2,091452931842793 -9,485381913997719 10,65418207009358 
4,703198909294126 1,941098471336439 -3,996498596823651 4,619319932204437 -4,014554349152371 -9,505668190070665 5,131304050769747 -7,889774377551062 -3,643618976067684 -0,3345348097789389 -6,190373286221029 2,18093070510839 6,270606633097464 -11,19050168460459 -4,95002167309679 5,499758985780347 -2,296883698932229 -1,789154250814533 -4,273538347841121 6,329887776940429 7,181901381894383 -3,183630006760743 -2,54921030305033 10,29034207044696 3,510936345111476 8,691264573630535 -5,084173909437585 -5,860616863097074 -1,77319062510078 3,801606936335591 -3,690389953398354 6,757808032275219 13,0582405887148 -5,315560585244492 -1,885035869312193 4,194768516436116 4,58623766021088 4,659293490067008 -7,622127349990766 -3,788509098799122 0,9984844969254715 
-0,6829058779009054 1,374307600780572 -0,5763214999940772 0,317162162373959 0,06431042113008624 1,514777086059781 -0,5866743197327678 0,4741377284575202 0,236355516693702 -1,58871575066328 0,6475008194238737 1,532365974590172 2,145442461147547 1,274251440010774 1,367073851602047 0,4989475182648026 -1,734164188490143 1,961050149766956 -0,05877565139563357 -2,130957458313128 -0,3274624502237075 -0,2965433482671547 0,6909756561103644 -1,203598974905059 0,104521720255886 -2,926685089909807 -0,2566505412234498 -0,8185858900082296 0,9686297628807244 2,198954433441558 0,3858332829298595 -0,5189459198936458 0,759339787054267 -2,074293807492376 3,38928696832293 -2,892206887262038 -1,151265556580169 1,233817880888123 0,2541357995805924 -0,174929634746556 -0,557225013857984 
1 layer
-3,680157312433897 -1,575476079031606 -2,794971287164822 -0,9476150808193485 -2,951156291747539 -1,867854358140958 -3,058560926312753 3,138226402681203 2,515746828773557 3,417400931181943 -2,945160868439023 1,480634012803361 -0,9128440239647784 -1,725273839305742 4,972641945409404 0,3778841590744271 
